0	1720	1750
0	1720	1720
0	1740	1720
0	1710	1740
0	1640	1710
0	1600	1640
0	1610	1600
0	1580	1610
0	1550	1580
0	1560	1550
0	1600	1560
0	1530	1600
0	1540	1530
0	1470	1540
0	1400	1470
0	1350	1400
0	1290	1350
0	1250	1290
0	1260	1250
0	1230	1260
0.1	1210	1230
0	1260	1210
0	1260	1260
0	1340	1260
0	1260	1340
0	1280	1260
0	1270	1280
0	1150	1270
0	1150	1150
0	1050	1150
0	1050	1050
0	1040	1050
0	1010	1040
0	938	1010
0	987	938
0	948	987
0	978	948
0	960	978
0	918	960
0	1040	918
0	914	1040
0	968	914
0	825	968
0	769	825
0	776	769
0	681	776
0	714	681
0	606	714
0	690	606
0	750	690
0	746	750
0	745	746
0	765	745
0	763	765
0	838	763
0	755	838
0	678	755
0	618	678
0	633	618
0	626	633
0	604	626
0	626	604
0	564	626
0	494	564
0	540	494
0	549	540
0	576	549
0	596	576
0	603	596
0	582	603
0	554	582
0	530	554
0	580	530
0	485	580
0	434	485
0	444	434
0	437	444
0	440	437
0	426	440
0	483	426
0	480	483
0	412	480
0	459	412
0	415	459
0	415	415
0	459	415
0	494	459
0	476	494
0	417	476
0	438	417
0	420	438
0	355	420
0	282	355
16.7	280	282
1.4	327	280
0	384	327
0	416	384
0	477	416
0	478	477
0	487	478
0.5	461	487
0.1	400	461
0	391	400
0	381	391
8.5	419	381
0	389	419
0	398	389
8.1	493	398
0	511	493
18.4	487	511
0	416	487
0	519	416
0	475	519
0	517	475
0	487	517
0	472	487
11.9	608	472
1.5	560	608
37.1	486	560
0	413	486
9.1	366	413
3	302	366
0	352	302
0.6	397	352
0	311	397
18.3	470	311
0	527	470
19.3	516	527
0.2	541	516
0.2	597	541
0	550	597
0	544	550
23	615	544
4.6	647	615
7	737	647
9.8	803	737
4.2	904	803
11.5	1120	904
10.8	1210	1120
12.3	1160	1210
9.8	1200	1160
0	1240	1200
0	1180	1240
0	1100	1180
0	1040	1100
0	989	1040
0	915	989
0	824	915
0	848	824
0	852	848
21	820	852
6	1020	820
5.4	875	1020
0	977	875
0	976	977
5.7	1010	976
15.7	995	1010
1.5	1180	995
1.4	1100	1180
8.4	1020	1100
3	1040	1020
4.7	1000	1040
0.2	913	1000
0	984	913
30.5	948	984
0.1	969	948
1.3	1090	969
0	1120	1090
0	1110	1120
9.5	1120	1110
0	1210	1120
2.6	1350	1210
0	1380	1350
6.4	1520	1380
0	1540	1520
0	1620	1540
0	1570	1620
0	1550	1570
0	1620	1550
0	1580	1620
0	1580	1580
0	1600	1580
0.5	1650	1600
0	1590	1650
3.1	1640	1590
5.4	1550	1640
1.3	1540	1550
0.1	1490	1540
10.4	1500	1490
13.4	1540	1500
64.1	1600	1540
2.9	1580	1600
0	1530	1580
1.3	1550	1530
4.5	1540	1550
9.6	1570	1540
3.6	1570	1570
23.4	1630	1570
11.6	1720	1630
0.7	1810	1720
8.3	1970	1810
21	2050	1970
18.5	2230	2050
3.3	2410	2230
15.1	2790	2410
0	3160	2790
9.1	3340	3160
14.5	3500	3340
10.6	3680	3500
0.2	3870	3680
0	3990	3870
0	4080	3990
0.3	4110	4080
3.9	4140	4110
0	4150	4140
11.8	4140	4150
0	4200	4140
0	4350	4200
0	4490	4350
7	4580	4490
0	4640	4580
0.3	4680	4640
4.7	4700	4680
0	4700	4700
0	4710	4700
0	4720	4710
0	4730	4720
0.3	4760	4730
15.4	4740	4760
2.1	4780	4740
2	4830	4780
2.9	4880	4830
1.1	4890	4880
1	4900	4890
1.1	4930	4900
22.2	4950	4930
0	5010	4950
1.4	5100	5010
9.8	5180	5100
0.1	5340	5180
0	5420	5340
1.6	5360	5420
0	5410	5360
31	5440	5410
4.6	5480	5440
1.4	5500	5480
7.8	5480	5500
33.8	5470	5480
46.8	5460	5470
0	5460	5460
0.9	5420	5460
1.6	5390	5420
2.6	5400	5390
27.2	5400	5400
31.2	5410	5400
0.6	5440	5410
0	5490	5440
1.3	5550	5490
1.7	5660	5550
0.2	5770	5660
0	5870	5770
0	5980	5870
0	6090	5980
0	6220	6090
0	6360	6220
0.8	6530	6360
4.3	6750	6530
18.3	6990	6750
0	7260	6990
7	7490	7260
17.7	7700	7490
11.3	7870	7700
0	8040	7870
0	8110	8040
0	8140	8110
0.1	8150	8140
0.1	8140	8150
1.5	8100	8140
0	7990	8100
12.6	7890	7990
7.5	7830	7890
5.6	7740	7830
1.4	7650	7740
0.1	7580	7650
33.1	7500	7580
0.2	7410	7500
63	7350	7410
0	7270	7350
21.4	7190	7270
0	7090	7190
1	6960	7090
0	6860	6960
0.3	6800	6860
7.6	6710	6800
6.9	6680	6710
1.8	6640	6680
17.1	6480	6640
0	6590	6480
1	6700	6590
15.5	6700	6700
34.2	6690	6700
11.5	6660	6690
0.8	6570	6660
5.1	6460	6570
11.8	6390	6460
2.8	6340	6390
0	6270	6340
3.8	6240	6270
0	6260	6240
10	6320	6260
0	6380	6320
0	6390	6380
0	6400	6390
0	6340	6400
85.8	6270	6340
0	6210	6270
0	6130	6210
1.9	6040	6130
40.4	5960	6040
19.3	5940	5960
18.2	5870	5940
45.9	5820	5870
6.1	5700	5820
0.3	5650	5700
33.2	5630	5650
7.9	5560	5630
294.5	5530	5560
0	5490	5530
0	5400	5490
0	5280	5400
34.8	5210	5280
26.7	5110	5210
31	4980	5110
2.6	4900	4980
0.2	4820	4900
0.8	4710	4820
4	4640	4710
4.6	4570	4640
0.3	4510	4570
0	4410	4510
0	4310	4410
0	4220	4310
0	4160	4220
0	4100	4160
0	3990	4100
0	3940	3990
0	3840	3940
0	3820	3840
0	3700	3820
0	3610	3700
2.6	3500	3610
1.6	3380	3500
0.8	3320	3380
0	3240	3320
0	3190	3240
0	3130	3190
0	3120	3130
0	3120	3120
0	3100	3120
0	3070	3100
0	2970	3070
0	2870	2970
0.8	2840	2870
0	2800	2840
0	2830	2800
0	2750	2830
0	2750	2750
0	2690	2750
0	2550	2690
0	2480	2550
0	2380	2480
0	2340	2380
0	2230	2340
0	2180	2230
0	2110	2180
0	2080	2110
0	2030	2080
0	2000	2030
0	2010	2000
0	2000	2010
0	1960	2000
0	1910	1960
0	1800	1910
0	1840	1800
0	1810	1840
0	1720	1810
0.1	1700	1720
0	1640	1700
0	1670	1640
0	1560	1670
0	1520	1560
0	1540	1520
0	1520	1540
0	1530	1520
0	1550	1530
0	1510	1550
0	1480	1510
0	1410	1480
0	1360	1410
0	1260	1360
0	1190	1260
0	1220	1190
0	1160	1220
0	1170	1160
0.5	1210	1170
0.3	1190	1210
1.2	1270	1190
0.2	1280	1270
0	1320	1280
0.4	1310	1320
0	1250	1310
0	1150	1250
0	1140	1150
0	1140	1140
0	1070	1140
0	1030	1070
0	952	1030
0	936	952
0	948	936
0	932	948
0	913	932
0	901	913
0	897	901
0	974	897
0	912	974
0	900	912
0	828	900
0	793	828
0	740	793
0	712	740
0	668	712
0	673	668
0	689	673
0	709	689
0	713	709
0	716	713
0	716	716
0	730	716
0	712	730
0	668	712
0	626	668
0	612	626
0	586	612
0	576	586
0	566	576
0	528	566
0	496	528
0	529	496
0	498	529
0	498	498
0	511	498
0	553	511
0	532	553
0	522	532
0	498	522
0	582	498
0	558	582
0	458	558
0	415	458
0	408	415
0	441	408
0	431	441
0	554	431
0	511	554
0	557	511
0	570	557
0	607	570
0	624	607
0	590	624
0	598	590
0	590	598
0	588	590
0	552	588
0	535	552
0	538	535
17.7	552	538
0	581	552
14.9	567	581
0.2	524	567
0	586	524
2.4	580	586
11.4	533	580
0.2	604	533
0	669	604
0	644	669
0	660	644
0	557	660
0	506	557
13.7	485	506
0	478	485
0	474	478
0	462	474
0	445	462
0	462	445
0	509	462
0	540	509
0	518	540
1.3	545	518
35.2	541	545
0	474	541
7.7	500	474
4.6	460	500
0	472	460
0	481	472
4.8	532	481
12.8	492	532
0	549	492
0.1	509	549
0	539	509
0	588	539
0	646	588
0	707	646
1.7	786	707
4.6	756	786
5.2	769	756
0	764	769
0	698	764
0.1	769	698
3.6	784	769
0.5	781	784
5.6	860	781
11.5	884	860
0	920	884
0	913	920
0	962	913
0	946	962
0	882	946
0	891	882
0	801	891
0	797	801
0.4	756	797
0	700	756
0	707	700
0	676	707
1.7	650	676
7.7	605	650
0	678	605
0	633	678
0	666	633
0	790	666
0.9	873	790
2.2	951	873
0.1	901	951
3.7	944	901
6.9	1100	944
37.9	1300	1100
1.8	1560	1300
27	1680	1560
2.9	1800	1680
0.4	1900	1800
12	1960	1900
0	2040	1960
0.4	2110	2040
1.4	2130	2110
1.9	2140	2130
1.2	2190	2140
15.6	2300	2190
23.8	2280	2300
11	2250	2280
16.2	2270	2250
28.1	2410	2270
0	2790	2410
3.8	3180	2790
0	3270	3180
0	3330	3270
2.5	3710	3330
5.6	3770	3710
0	3880	3770
0	3980	3880
0.5	4110	3980
0	4220	4110
0	4300	4220
6	4380	4300
0.2	4450	4380
4.3	4520	4450
3.7	4600	4520
4.9	4670	4600
27	4770	4670
9.7	4880	4770
0.1	5010	4880
2.4	5170	5010
0.6	5310	5170
0	5460	5310
0	5660	5460
0	5830	5660
0	5940	5830
0	6020	5940
0	6050	6020
0	6000	6050
0	5920	6000
0	5850	5920
0	5750	5850
0.3	5680	5750
0	5660	5680
0	5660	5660
8.7	5690	5660
0.8	5760	5690
7.9	5820	5760
21.6	5900	5820
13.3	6000	5900
15.2	6100	6000
0	6200	6100
4	6230	6200
0.8	6220	6230
0	6190	6220
5.2	6150	6190
0	6090	6150
0	6060	6090
0	6050	6060
0	6040	6050
0	6020	6040
0	6000	6020
0	5990	6000
0	5960	5990
0	5920	5960
34.6	5910	5920
3.4	5910	5910
0	5890	5910
0	5900	5890
0	5900	5900
24.9	5900	5900
10.9	5930	5900
4.8	6000	5930
16.4	6060	6000
0	6100	6060
0.5	6130	6100
2.9	6140	6130
9.4	6140	6140
19.8	6130	6140
11	6120	6130
0	6140	6120
0	6100	6140
0.6	6070	6100
0	6050	6070
0	6010	6050
0	6050	6010
0	6060	6050
0	6090	6060
0.7	6100	6090
4.1	6120	6100
70.8	6130	6120
0	6160	6130
6.2	6130	6160
76.2	6080	6130
8.5	6060	6080
7.6	6070	6060
0	6030	6070
0	6020	6030
8.2	6000	6020
0	6010	6000
0	6000	6010
1.7	5960	6000
33.7	5960	5960
0	6100	5960
16.7	6070	6100
0.1	5980	6070
1.8	5890	5980
0	5800	5890
0	5700	5800
46.7	5610	5700
0	5500	5610
0	5370	5500
0	5320	5370
36.1	5220	5320
14.2	5080	5220
19.3	5020	5080
0.3	4900	5020
0	4850	4900
7.1	4680	4850
6	4580	4680
0	4520	4580
10.3	4350	4520
0	4380	4350
0	4320	4380
0	4240	4320
0	4180	4240
1.1	4090	4180
0.1	4020	4090
9.3	3950	4020
0.2	3880	3950
5.7	3850	3880
0	3760	3850
0	3660	3760
0	3600	3660
0	3580	3600
0.4	3520	3580
4.3	3480	3520
0	3410	3480
6.2	3290	3410
0	3190	3290
0	3120	3190
8.6	3040	3120
0.1	2960	3040
0	3220	2960
0	3200	3220
4.6	3120	3200
0	3010	3120
2	2920	3010
0	2840	2920
0	2760	2840
0	2640	2760
0.9	2560	2640
10.3	2530	2560
0	2550	2530
1.3	2570	2550
5	2510	2570
0	2520	2510
0	2390	2520
0	2250	2390
0	2180	2250
0	2170	2180
0	2110	2170
0	2070	2110
0	2100	2070
0	2080	2100
0	2060	2080
0	2050	2060
0	2100	2050
0	2060	2100
0	2060	2060
0	2030	2060
0	1940	2030
0	1870	1940
0	1810	1870
0	1740	1810
0	1690	1740
0	1620	1690
0	1550	1620
0	1550	1550
0	1550	1550
0	1500	1550
0	1550	1500
0	1590	1550
0	1620	1590
0	1590	1620
0	1510	1590
0	1390	1510
0	1320	1390
0	1300	1320
0	1290	1300
0	1250	1290
0	1210	1250
0	1180	1210
0	1220	1180
0	1200	1220
0	1200	1200
0	1260	1200
0	1170	1260
0	1130	1170
0	1180	1130
0	1120	1180
0	990	1120
0	851	990
0	824	851
0	846	824
0	878	846
0	803	878
0	837	803
0	808	837
0	792	808
0	842	792
0	857	842
0	897	857
0	898	897
0	858	898
0	735	858
0	702	735
0	621	702
0	695	621
0	715	695
0	710	715
0	721	710
0	717	721
0	727	717
0	702	727
0	720	702
0	765	720
0	738	765
0	737	738
0	666	737
0	596	666
0	477	596
0	501	477
0	557	501
0	559	557
0	495	559
0	462	495
0	467	462
0	435	467
0	503	435
0	577	503
0	642	577
0	567	642
0	549	567
0	523	549
0	512	523
0	510	512
0	496	510
0	476	496
0	477	476
0	409	477
0	386	409
0	359	386
0	409	359
0	454	409
0	428	454
0	463	428
0	405	463
0	494	405
0	335	494
0	283	335
0	345	283
0	261	345
0	317	261
0	290	317
0	264	290
0	292	264
0	310	292
0	406	310
0	404	406
0	423	404
0	354	423
0	391	354
0	350	391
0	390	350
0	382	390
0	338	382
0	309	338
0	261	309
0	280	261
0	311	280
0	313	311
0.1	294	313
0.1	320	294
0	327	320
75.3	358	327
35.7	372	358
3.6	386	372
1.4	394	386
0	434	394
0	437	434
0	396	437
0	376	396
0	338	376
0	352	338
0	351	352
0	354	351
0	387	354
0	388	387
0	394	388
0	454	394
0	446	454
0	449	446
0	395	449
0.1	336	395
0	286	336
0	321	286
0	329	321
0	357	329
0	289	357
0	302	289
0	420	302
66.7	450	420
0	452	450
0	430	452
0.8	448	430
0	511	448
0	460	511
0	467	460
0	489	467
0	407	489
0	421	407
1.2	417	421
4.3	460	417
0	487	460
0.5	508	487
0	554	508
0.5	650	554
3.3	664	650
0	738	664
0.8	774	738
1.2	799	774
0	777	799
0	786	777
5.7	731	786
0	716	731
0.9	680	716
0	718	680
11.3	714	718
19.7	753	714
0	789	753
1.6	781	789
19.9	760	781
0	928	760
1.9	913	928
0	1020	913
0	1030	1020
0	983	1030
0	933	983
0	926	933
51.2	794	926
0	816	794
0	768	816
0.5	776	768
35.2	731	776
1.7	701	731
16.1	770	701
11.9	737	770
0	870	737
17.8	861	870
7.6	886	861
0	862	886
11.7	878	862
39.4	1030	878
0.3	1180	1030
41.4	1360	1180
0	1390	1360
0	1570	1390
0	1890	1570
0	2150	1890
43.7	2170	2150
14.7	2240	2170
15	2240	2240
0	2290	2240
0	2490	2290
0	2460	2490
7.2	2500	2460
0	2420	2500
0	2360	2420
12.3	2300	2360
10.4	2320	2300
13.9	2280	2320
0.3	2300	2280
0	2330	2300
44.7	2350	2330
0.3	2280	2350
10.3	2210	2280
0.9	2240	2210
0	2240	2240
0	2190	2240
24.6	2290	2190
19.9	2410	2290
14.3	2440	2410
4.3	2460	2440
0	2330	2460
0	2290	2330
7	2340	2290
0.1	2360	2340
0	2430	2360
0	2510	2430
7.9	2520	2510
0.7	2540	2520
0	2540	2540
2.3	2620	2540
0	2640	2620
0	2760	2640
3.2	2790	2760
0.2	2910	2790
15.4	2830	2910
0.2	3020	2830
15.6	3030	3020
3.8	3050	3030
0	3090	3050
0	3120	3090
44.8	3260	3120
0.5	3350	3260
0	3420	3350
0	3420	3420
0	3410	3420
2.8	3380	3410
2.5	3350	3380
3.4	3310	3350
0.1	3280	3310
5.1	3220	3280
3.7	3190	3220
0.5	3190	3190
2.1	3200	3190
7.4	3240	3200
1.1	3230	3240
0	3280	3230
2.6	3310	3280
0.8	3380	3310
2.3	3440	3380
0.2	3480	3440
13.1	3540	3480
4.5	3600	3540
0.7	3620	3600
0.3	3640	3620
0.2	3690	3640
6.6	3720	3690
1.2	3740	3720
0.5	3770	3740
1.4	3840	3770
0	3900	3840
0	3950	3900
20.7	4000	3950
0.9	4060	4000
2.7	4100	4060
0.1	4150	4100
6.1	4180	4150
0.4	4210	4180
1.3	4230	4210
0	4250	4230
4.9	4260	4250
9.4	4260	4260
0	4270	4260
0	4240	4270
0.7	4220	4240
5.1	4230	4220
34.6	4250	4230
14.7	4280	4250
7.6	4300	4280
0.4	4330	4300
15.6	4320	4330
0.4	4320	4320
0	4280	4320
0	4260	4280
0	4220	4260
29.9	4200	4220
1.2	4150	4200
11.2	4100	4150
6	4070	4100
16.1	4040	4070
0.3	4010	4040
9.1	3970	4010
23.8	3940	3970
0	3940	3940
0	3900	3940
0	3860	3900
23.1	3810	3860
17.3	3770	3810
0	3740	3770
30.3	3680	3740
1.4	3630	3680
16.7	3560	3630
1.4	3520	3560
29.7	3490	3520
19	3470	3490
31.6	3470	3470
66.4	3110	3470
0	2990	3110
3	3030	2990
0	3000	3030
0	2900	3000
0	3020	2900
19.5	2900	3020
17.1	2920	2900
1	2800	2920
0.5	2650	2800
2.3	2710	2650
0	2620	2710
1.3	2550	2620
0	2700	2550
0	2670	2700
0	2640	2670
0	2710	2640
0	2840	2710
0	2990	2840
0	3110	2990
0	3080	3110
0	3170	3080
0	3120	3170
0	3200	3120
0	3180	3200
8.2	3110	3180
0	3020	3110
0	2930	3020
0	2750	2930
0	2690	2750
0	2700	2690
0	2580	2700
4.1	2520	2580
4.2	2480	2520
7.5	2300	2480
0.6	2270	2300
18	2220	2270
0	2180	2220
0	2110	2180
0	1970	2110
0	1940	1970
0	1880	1940
0	1910	1880
0	1830	1910
0	1910	1830
0	1920	1910
1.6	1890	1920
9.6	1900	1890
0	1920	1900
0	1900	1920
0	1800	1900
0	1770	1800
0	1620	1770
0	1520	1620
0.2	1480	1520
0.6	1340	1480
0	1360	1340
0	1280	1360
0	1280	1280
0	1220	1280
0	1260	1220
0	1310	1260
0	1270	1310
0	1230	1270
0	1320	1230
3.1	1260	1320
0	1120	1260
0	1030	1120
0.3	1020	1030
2.6	946	1020
0	964	946
0	979	964
0	991	979
0	956	991
0	894	956
0	918	894
0	924	918
0	932	924
0	906	932
0	944	906
0.2	898	944
0	780	898
1.5	711	780
0	677	711
0	721	677
0	675	721
0	757	675
2.1	666	757
0	690	666
0	688	690
0	735	688
0	805	735
0	768	805
0	835	768
0	718	835
7.6	608	718
2.9	476	608
0	446	476
0	551	446
0	514	551
0	519	514
0	463	519
0	503	463
0	522	503
0	517	522
0	496	517
0	488	496
0	582	488
0	504	582
0	469	504
0	451	469
0	447	451
0	440	447
0.8	401	440
0	387	401
0	392	387
0	441	392
0	446	441
0.7	460	446
0	454	460
0	487	454
0	437	487
0	473	437
0	400	473
0	406	400
0	304	406
0	295	304
0	379	295
0	334	379
0	236	334
0	251	236
0	218	251
0	276	218
0	305	276
24.8	326	305
0	358	326
0	305	358
0	282	305
0	335	282
0	410	335
9.7	376	410
0	366	376
28.5	364	366
0	306	364
67.7	306	306
3.5	274	306
8.9	343	274
26.2	365	343
1	372	365
26.1	406	372
0	395	406
0	402	395
0	416	402
0	426	416
10.7	434	426
0.7	429	434
0	509	429
0.3	355	509
64.7	330	355
0	268	330
0	289	268
0.1	313	289
0	332	313
0	402	332
0	456	402
16.3	497	456
0	595	497
0.6	598	595
1.1	579	598
6.4	610	579
0.1	576	610
0.9	576	576
0	541	576
0	584	541
0	605	584
5.9	595	605
28.9	608	595
0	668	608
16.8	671	668
0	742	671
0	899	742
0	1030	899
2.2	988	1030
0	936	988
0	862	936
1.1	817	862
0.5	675	817
1.6	660	675
1.2	686	660
18.7	842	686
0.1	1110	842
2.3	1240	1110
1.6	1370	1240
23.1	1450	1370
1.2	1480	1450
2.2	1540	1480
1.7	1540	1540
0	1520	1540
5.4	1520	1520
1.7	1600	1520
0	1750	1600
1.7	1800	1750
3	1780	1800
1.9	1810	1780
0	1820	1810
4.9	1870	1820
6.9	1960	1870
35.4	2060	1960
5.8	2200	2060
9.3	2350	2200
0.2	2460	2350
0	2530	2460
16.3	2660	2530
5.7	2770	2660
0	2930	2770
0.2	2940	2930
0	2860	2940
0	2750	2860
0	2720	2750
1.7	2660	2720
0	2600	2660
0	2600	2600
0	2670	2600
0	2760	2670
0	2840	2760
0	2900	2840
0	2900	2900
0	3010	2900
0	3070	3010
13.1	3140	3070
49.6	3140	3140
0.2	3120	3140
0	3100	3120
26.6	3160	3100
10.2	3130	3160
0	3080	3130
0.4	3110	3080
0.2	3160	3110
0.1	3140	3160
0	3150	3140
0	3060	3150
13.5	3080	3060
0	3100	3080
0	3110	3100
1.3	3120	3110
0	3140	3120
0.1	3140	3140
0	3150	3140
18	3140	3150
0	3190	3140
0	3210	3190
0	3290	3210
10.3	3310	3290
0	3380	3310
0	3350	3380
3.3	3390	3350
0	3410	3390
11.9	3530	3410
9	3540	3530
9.7	3530	3540
26	3530	3530
7.1	3590	3530
0.6	3750	3590
6.9	3860	3750
7.6	3990	3860
12.2	4090	3990
1.6	4210	4090
1.6	4370	4210
1.4	4510	4370
5.5	4620	4510
1.1	4720	4620
0	4840	4720
0	4950	4840
0	5060	4950
0	5160	5060
0	5270	5160
0	5400	5270
0	5510	5400
0	5580	5510
0	5640	5580
0	5680	5640
0	5710	5680
0	5670	5710
2.6	5620	5670
0	5600	5620
0.5	5500	5600
54.1	5440	5500
105.3	5410	5440
43	5360	5410
0.5	5230	5360
13.9	5260	5230
1.8	5230	5260
1.8	5210	5230
0.9	5220	5210
0	5200	5220
8.8	5220	5200
3.8	5250	5220
2.3	5250	5250
3.7	5260	5250
0.2	5250	5260
8.1	5270	5250
0	5280	5270
0.1	5270	5280
0.5	5280	5270
0	5290	5280
0	5320	5290
0	5360	5320
0	5410	5360
0	5440	5410
7	5470	5440
0	5490	5470
1.6	5500	5490
0	5490	5500
0	5490	5490
0	5500	5490
1.1	5520	5500
0	5530	5520
0	5560	5530
0	5600	5560
0	5620	5600
0	5670	5620
6.6	5730	5670
1.9	5820	5730
0	5950	5820
0.2	5970	5950
0.2	6030	5970
3.7	6010	6030
45.7	6060	6010
0	6090	6060
23.8	6100	6090
0	6180	6100
6.8	6190	6180
0	6240	6190
28.2	6220	6240
0.5	6240	6220
10	6260	6240
0.3	6250	6260
0	6210	6250
23.1	6190	6210
15	6140	6190
12.1	6110	6140
0	6070	6110
0.2	5970	6070
0.6	5870	5970
6.3	5800	5870
0	5710	5800
0	5610	5710
0	5520	5610
0	5470	5520
24.7	5420	5470
50.3	5400	5420
11.8	5450	5400
1	5390	5450
0	5320	5390
15.9	5250	5320
0	5220	5250
0	5200	5220
39	5140	5200
6.7	5110	5140
0	5010	5110
10.4	4960	5010
57.1	4940	4960
8.3	5020	4940
1.5	5010	5020
17.6	5070	5010
0	5170	5070
4.1	5250	5170
17.9	5370	5250
0	5460	5370
0.1	5450	5460
12.8	5380	5450
6	5320	5380
47.7	5220	5320
36.4	5150	5220
33.7	5090	5150
0	4980	5090
0	4930	4980
0	4830	4930
0	4750	4830
1.2	4690	4750
0.1	4640	4690
0	4600	4640
4.7	4560	4600
25.9	4540	4560
0	4410	4540
0	4370	4410
26.1	4280	4370
0	4160	4280
0	3980	4160
0	3880	3980
1.3	3860	3880
12.1	3860	3860
4.4	3840	3860
3.1	3820	3840
1.1	3820	3820
0	3820	3820
0	3760	3820
0	3680	3760
1.6	3600	3680
0	3530	3600
0.5	3480	3530
0	3440	3480
0	3460	3440
0	3420	3460
0	3330	3420
0	3270	3330
0	3250	3270
0	3100	3250
0	2940	3100
0	2920	2940
0	2830	2920
0	2740	2830
0	2700	2740
0	2650	2700
0	2630	2650
0	2620	2630
0	2610	2620
0	2660	2610
0	2660	2660
0	2620	2660
0	2500	2620
20.3	2400	2500
2.6	2350	2400
0	2290	2350
0	2240	2290
0	2190	2240
0	2130	2190
0	2060	2130
0	2030	2060
0	2020	2030
0	2020	2020
0	2010	2020
0	1990	2010
0	1980	1990
0	1940	1980
0	1900	1940
0	1790	1900
0	1700	1790
11.6	1620	1700
0	1570	1620
0	1580	1570
0	1530	1580
18.6	1470	1530
0	1530	1470
0	1510	1530
0	1580	1510
0	1630	1580
0	1640	1630
0	1580	1640
0	1420	1580
0	1410	1420
0	1320	1410
0	1360	1320
0	1340	1360
0	1230	1340
0	1190	1230
0	1180	1190
0	1150	1180
0	1070	1150
0	1060	1070
0	1140	1060
0	1140	1140
0	1130	1140
0	1100	1130
0	1080	1100
0	969	1080
0.1	898	969
0	923	898
0	907	923
0	932	907
0	923	932
0	920	923
0	968	920
0	971	968
39.6	996	971
0	920	996
0	894	920
10.1	918	894
26	901	918
0	712	901
0	810	712
0	862	810
0	845	862
18.6	817	845
0	849	817
0	786	849
0	734	786
0	701	734
0	735	701
0	726	735
0	709	726
0	733	709
0	752	733
0	686	752
0	658	686
12.1	684	658
0	676	684
0	654	676
0	677	654
0	630	677
0	686	630
0	651	686
0	660	651
0	682	660
0.1	596	682
0.4	613	596
3.1	573	613
0.4	553	573
0	621	553
0	591	621
0	692	591
0	668	692
0	563	668
0	512	563
0	481	512
0	462	481
0	423	462
0	444	423
0	403	444
0	474	403
50.2	424	474
4.9	533	424
3	530	533
50.3	561	530
1.8	550	561
3.6	523	550
0.6	566	523
38.1	536	566
0	542	536
0.8	629	542
12.6	656	629
0	688	656
11.7	769	688
4.9	781	769
0	782	781
6.1	816	782
0	797	816
43.9	744	797
0	794	744
0	763	794
0	785	763
82	729	785
0	719	729
1.2	737	719
0	754	737
73.6	753	754
14.5	733	753
1	767	733
2.6	832	767
3.9	877	832
13.9	941	877
5.6	952	941
7.8	890	952
4.5	891	890
0.7	848	891
0	899	848
9.7	919	899
0	973	919
0.9	1080	973
0	1160	1080
1.7	1190	1160
0.2	1240	1190
0.9	1310	1240
0.6	1380	1310
1.3	1640	1380
1.1	1950	1640
0	2270	1950
0.5	2390	2270
0	2380	2390
0.2	2340	2380
44.3	2330	2340
0	2280	2330
0.8	2120	2280
5	2140	2120
8.3	2340	2140
0	2460	2340
0	2570	2460
0	2610	2570
8.1	2480	2610
5	2340	2480
0.3	2130	2340
0	1960	2130
0	1810	1960
0	1630	1810
0	1500	1630
0	1460	1500
0	1450	1460
5.8	1560	1450
2.8	1880	1560
10.7	2290	1880
0	2790	2290
0	3100	2790
1.6	3260	3100
4.6	3320	3260
0	3330	3320
0	3330	3330
0.1	3340	3330
0.2	3390	3340
0	3520	3390
13	3700	3520
1.9	3900	3700
1.9	4040	3900
0	4140	4040
0.8	4220	4140
4.4	4280	4220
8.7	4330	4280
8.3	4310	4330
0	4290	4310
0	4310	4290
0	4320	4310
9.8	4350	4320
13.7	4390	4350
10.2	4420	4390
0	4480	4420
0	4610	4480
18.1	4740	4610
3.2	4870	4740
9.8	4980	4870
0.1	5090	4980
0	5170	5090
0	5280	5170
0	5400	5280
2.2	5520	5400
0	5660	5520
0	5780	5660
7	5900	5780
9.6	6020	5900
0	6120	6020
0	6190	6120
1.5	6240	6190
0	6310	6240
0	6360	6310
0	6400	6360
0	6440	6400
0	6470	6440
1	6480	6470
0	6470	6480
0	6460	6470
0	6450	6460
8.2	6450	6450
0.8	6440	6450
0	6420	6440
0	6420	6420
0	6410	6420
0	6380	6410
0	6380	6380
0.6	6380	6380
0	6380	6380
0.2	6370	6380
0	6360	6370
20.1	6360	6360
16.8	6370	6360
2.3	6390	6370
0	6400	6390
63.3	6380	6400
150.5	6420	6380
19.9	6470	6420
3.3	6490	6470
7.9	6490	6490
0.6	6510	6490
10.9	6540	6510
0.3	6560	6540
0.7	6600	6560
8.3	6640	6600
0	6680	6640
0	6720	6680
0	6780	6720
0.1	6840	6780
10	6890	6840
0	6950	6890
0	7020	6950
0	7080	7020
4.8	7120	7080
20.5	7160	7120
15.1	7200	7160
0.3	7290	7200
0.4	7360	7290
0	7420	7360
1.2	7460	7420
0	7510	7460
0	7560	7510
81.6	7580	7560
6.8	7620	7580
3	7650	7620
0	7660	7650
0.7	7680	7660
0	7640	7680
0.2	7510	7640
0.2	7470	7510
0.6	7390	7470
1.1	7300	7390
0.2	7180	7300
1.4	7060	7180
1.1	6950	7060
6.2	6840	6950
0	6710	6840
1	6590	6710
11.2	6460	6590
7.1	6350	6460
10.6	6250	6350
0.1	6150	6250
24.4	6030	6150
1.5	5940	6030
0	5880	5940
22.6	5810	5880
7.1	5830	5810
56.7	5800	5830
12.6	5840	5800
11.6	5860	5840
0	5880	5860
0.5	5900	5880
24.2	5920	5900
0.3	5960	5920
0	5940	5960
0	5920	5940
0.8	5890	5920
2.7	5860	5890
12.7	5800	5860
2.1	5760	5800
3	5700	5760
5.4	5630	5700
11.2	5560	5630
13.2	5510	5560
0	5440	5510
101.4	5380	5440
11.3	5390	5380
0	5330	5390
0	5220	5330
0	5110	5220
0	4990	5110
0	4870	4990
0	4770	4870
0.8	4670	4770
0	4570	4670
0	4480	4570
15.2	4400	4480
0.6	4320	4400
30.4	4270	4320
21.1	4220	4270
14.2	4160	4220
9	4110	4160
13.2	4030	4110
0	3960	4030
7.7	3880	3960
0	3800	3880
0	3770	3800
0	3700	3770
24.8	3620	3700
0	3560	3620
0	3490	3560
0.3	3430	3490
0	3380	3430
0	3300	3380
3.2	3220	3300
0	3150	3220
0	3060	3150
0	2990	3060
0	2900	2990
0	2810	2900
0	2730	2810
1.2	2660	2730
16.6	2580	2660
2.1	2530	2580
0	2520	2530
0	2500	2520
3.1	2460	2500
15	2470	2460
3.9	2960	2470
0	3210	2960
5.9	3160	3210
0	3090	3160
0	3030	3090
1.2	3030	3030
14.8	2940	3030
11.7	2930	2940
17.3	2960	2930
0	2860	2960
0	2800	2860
0	2730	2800
0	2640	2730
0	2630	2640
0	2580	2630
16.4	2570	2580
2.2	2530	2570
7.4	2600	2530
0	2520	2600
0	2500	2520
0	2440	2500
0	2500	2440
0	2420	2500
0	2320	2420
0	2330	2320
0	2240	2330
0	2120	2240
0	2130	2120
0	2080	2130
0	1990	2080
0	1960	1990
19.3	1900	1960
1	1720	1900
0	1770	1720
0	1820	1770
0	1810	1820
9.4	1730	1810
0	1600	1730
0	1600	1600
0	1580	1600
0	1540	1580
0	1510	1540
0	1450	1510
0	1420	1450
0	1360	1420
0	1390	1360
0	1340	1390
0	1300	1340
0	1330	1300
0	1330	1330
0	1370	1330
0	1310	1370
0	1260	1310
0	1180	1260
0	1120	1180
0	1120	1120
0	998	1120
0	970	998
0	925	970
0	949	925
0	990	949
0	1010	990
0	1020	1010
0	1050	1020
0	1040	1050
0	1090	1040
0	998	1090
0	877	998
0	885	877
0	905	885
0	843	905
0	828	843
0	863	828
0	822	863
0	772	822
0	782	772
0	744	782
0	718	744
0	731	718
0	750	731
0	799	750
0	777	799
0	512	777
0	673	512
0	668	673
0	611	668
0	570	611
0	572	570
0	611	572
0	567	611
0	627	567
0	699	627
0	629	699
0.3	704	629
10.5	751	704
1.5	606	751
0	681	606
0	741	681
6.6	716	741
6.3	676	716
0	628	676
0	640	628
0	642	640
0.3	584	642
4.7	585	584
0	608	585
0	576	608
1.2	604	576
13.2	627	604
23.8	630	627
1.2	667	630
0	625	667
0	729	625
0	690	729
0	656	690
0	595	656
0	574	595
0	567	574
0	579	567
2.6	586	579
0	568	586
0	524	568
0	523	524
0.8	480	523
1.5	494	480
0	538	494
0	562	538
0	555	562
0	490	555
0	439	490
0	428	439
47.2	406	428
13	405	406
14.7	388	405
0	370	388
21.8	417	370
13.6	424	417
0	456	424
0	466	456
0	477	466
0	520	477
0	502	520
0	402	502
0	392	402
0	420	392
0	424	420
0	452	424
0	477	452
0	478	477
0	432	478
0	446	432
3.2	505	446
3.3	466	505
19.3	468	466
0	500	468
1	551	500
18.6	635	551
9.3	715	635
13	647	715
0	670	647
6	721	670
0	740	721
0	713	740
0	696	713
0.3	643	696
0.9	678	643
0	770	678
0	884	770
0	926	884
0	1020	926
0	1050	1020
0	1080	1050
0	1120	1080
0	1180	1120
0.2	1260	1180
3.6	1350	1260
0.5	1440	1350
0	1520	1440
0	1490	1520
0	1610	1490
2.9	1720	1610
32.1	1870	1720
0	1950	1870
0	2010	1950
1.4	2060	2010
0.2	2140	2060
0	2170	2140
1	2210	2170
0	2270	2210
0.1	2300	2270
3.8	2200	2300
3.4	2140	2200
11.4	2110	2140
11	2180	2110
14.9	2290	2180
4.2	2620	2290
0	3000	2620
1.2	3050	3000
0	3040	3050
0.2	3050	3040
0.6	3080	3050
17.7	3200	3080
11	3270	3200
9.9	3330	3270
8.3	3330	3330
12.1	3480	3330
27.8	3400	3480
0	3280	3400
0	3510	3280
0	3850	3510
0	4060	3850
0	4140	4060
0	4180	4140
0	4170	4180
0	4160	4170
2	4130	4160
0	4110	4130
0.9	4090	4110
0	4100	4090
0	4130	4100
1.6	4160	4130
0	4230	4160
0	4330	4230
0	4430	4330
0	4490	4430
0.3	4540	4490
0	4570	4540
5.2	4580	4570
0.5	4600	4580
0	4610	4600
0	4610	4610
0.2	4660	4610
20.6	4660	4660
4.7	4680	4660
7.5	4720	4680
4.2	4800	4720
7.2	4820	4800
20.2	4850	4820
0	4870	4850
9.4	4890	4870
36.6	4900	4890
3.3	4940	4900
13.4	5010	4940
13.2	5080	5010
0	5160	5080
0	5240	5160
5	5320	5240
5.4	5410	5320
0.2	5530	5410
0	5660	5530
0.1	5790	5660
0.1	5930	5790
0.4	6090	5930
20.5	6260	6090
24	6410	6260
0.1	6550	6410
0	6650	6550
0	6720	6650
9.8	6780	6720
3.9	6830	6780
0	6890	6830
1.2	6960	6890
0	7000	6960
1	7040	7000
0	7070	7040
20.2	7090	7070
0	7110	7090
0.1	7100	7110
0	7080	7100
0	7060	7080
10.4	7040	7060
2.9	7020	7040
16.8	7000	7020
1.6	6970	7000
0	6960	6970
0	6960	6960
0.2	6970	6960
0	7010	6970
0.5	7050	7010
0.4	7080	7050
0	7120	7080
0	7040	7120
13	6970	7040
39.3	6990	6970
0	7000	6990
19.6	6990	7000
0	6960	6990
0	6940	6960
0.5	6900	6940
1.3	6870	6900
2.6	6840	6870
9.3	6810	6840
3.5	6780	6810
15.1	6770	6780
0	6740	6770
48.4	6740	6740
0.2	6730	6740
18.8	6700	6730
6.9	6650	6700
12	6590	6650
1	6570	6590
9.8	6510	6570
33.6	6480	6510
5.5	6460	6480
38.4	6400	6460
7.3	6370	6400
9	6320	6370
39.3	6280	6320
17.7	6250	6280
1.8	6230	6250
0.1	6180	6230
13.3	6130	6180
0.4	6100	6130
16.2	6010	6100
1.1	5950	6010
0	5890	5950
0	5860	5890
20.3	5810	5860
24.3	5790	5810
44.8	5750	5790
46.4	5740	5750
0	5700	5740
3.7	5650	5700
0	5600	5650
0	5560	5600
1	5500	5560
12.6	5470	5500
0	5440	5470
7.2	5380	5440
0	5360	5380
0	5310	5360
0	5280	5310
0	5240	5280
0	5200	5240
0	5160	5200
0	5120	5160
0	5100	5120
0	5100	5100
0	5060	5100
0	5040	5060
0	5000	5040
0	4960	5000
0	4900	4960
0	4820	4900
0	4740	4820
0	4660	4740
0	4590	4660
0.2	4520	4590
0	4450	4520
0	4380	4450
0	4300	4380
0	4230	4300
0	4180	4230
0	4130	4180
0	4080	4130
0	4040	4080
0	3960	4040
0	3900	3960
0	3830	3900
0	3750	3830
0	3630	3750
0	3500	3630
0	3410	3500
1.2	3350	3410
0.8	3310	3350
4.6	3310	3310
0	3300	3310
0	3290	3300
0	3250	3290
0	3170	3250
0	3120	3170
0	3040	3120
0.2	2920	3040
0	2800	2920
0	2440	2800
0	2380	2440
0	2300	2380
0	2250	2300
0	2200	2250
0	2160	2200
0	2170	2160
0	2090	2170
0	2070	2090
0.1	1980	2070
0	2020	1980
0	1990	2020
0	1990	1990
0	1950	1990
0	1930	1950
0	1920	1930
0	1960	1920
0	1900	1960
0	1880	1900
0	1770	1880
0	1740	1770
0	1620	1740
0	1570	1620
0	1570	1570
0	1620	1570
0	1600	1620
0	1600	1600
0	1580	1600
0	1570	1580
0	1560	1570
0	1550	1560
0	1490	1550
0	1470	1490
0	1480	1470
0	1380	1480
0	1310	1380
0	1250	1310
0	1190	1250
0	1150	1190
0	1090	1150
0	1180	1090
0	1200	1180
0	1240	1200
0	1240	1240
0	1220	1240
0	1280	1220
0	1220	1280
0	1150	1220
0	1110	1150
0	1120	1110
0	1070	1120
0	909	1070
0	798	909
0	1040	798
0	1030	1040
0	997	1030
0	881	997
0	884	881
0	934	884
0	884	934
0	940	884
0	876	940
0	782	876
0	733	782
0	796	733
0	778	796
0	744	778
0	704	744
0	548	704
0	526	548
0	585	526
0	552	585
0	672	552
0	729	672
0	700	729
0	517	700
0	559	517
0	644	559
0	681	644
0	691	681
0	620	691
0	584	620
0	558	584
0	562	558
0	552	562
0	496	552
0	480	496
0	506	480
0	435	506
0	447	435
0	479	447
0	445	479
0	522	445
0	518	522
0	444	518
0	419	444
0	327	419
0	392	327
0	391	392
0	470	391
0	414	470
0	445	414
0	440	445
0	449	440
0	449	449
0	432	449
0	500	432
0	486	500
12.2	410	486
0	378	410
3.3	372	378
0	240	372
0	315	240
0	300	315
0	344	300
0	355	344
0	367	355
0	353	367
0	284	353
0.2	364	284
13.3	374	364
0.7	448	374
0	418	448
1	362	418
8.9	342	362
0.8	309	342
0	325	309
0	336	325
0	327	336
0	369	327
0	373	369
0	406	373
0	402	406
0	463	402
0.2	458	463
3.2	493	458
0	502	493
0	408	502
8.7	381	408
0.9	346	381
0.1	354	346
0	330	354
0	321	330
0	381	321
0	388	381
0	390	388
0.2	386	390
0	433	386
0	473	433
0.2	505	473
0	557	505
0.4	510	557
0.1	474	510
1.1	462	474
0.3	512	462
0.1	563	512
0	656	563
0	661	656
0	752	661
0	919	752
0	1040	919
13.6	1160	1040
0	1190	1160
0	1210	1190
0.4	1220	1210
0.4	1220	1220
0	1200	1220
0	1190	1200
0	1190	1190
0	1130	1190
0	1160	1130
0	1260	1160
0	1330	1260
0	1430	1330
10.6	1460	1430
17.4	1540	1460
0	1740	1540
0	1920	1740
0	2040	1920
1.2	2050	2040
0	2080	2050
0.3	2050	2080
0.6	2000	2050
1.1	2000	2000
0	2110	2000
41.8	2300	2110
0	2460	2300
0	2470	2460
0	2470	2470
5	2440	2470
3	2420	2440
0	2470	2420
0	2520	2470
13.9	2500	2520
0.5	2470	2500
1.8	2440	2470
0.7	2510	2440
9	2790	2510
0	3100	2790
0	3280	3100
0	3550	3280
0	3750	3550
0	3940	3750
0	4090	3940
11.5	4210	4090
1	4310	4210
1.9	4360	4310
0	4390	4360
0	4430	4390
0	4420	4430
5.2	4410	4420
0	4420	4410
0	4450	4420
0.6	4450	4450
0.4	4480	4450
0.7	4480	4480
0	4460	4480
0.3	4450	4460
4.1	4470	4450
0	4470	4470
12.4	4470	4470
0	4530	4470
0	4580	4530
0.4	4620	4580
0.7	4630	4620
17.1	4670	4630
12.9	4730	4670
0.4	4820	4730
3	4890	4820
0.1	4960	4890
0	5000	4960
0	5070	5000
0	5150	5070
7.2	5210	5150
0.4	5290	5210
2.1	5350	5290
0	5420	5350
0.9	5480	5420
8.9	5560	5480
21.8	5630	5560
10.9	5730	5630
7.4	5840	5730
0	5930	5840
0	6020	5930
0	6100	6020
2.1	6190	6100
0	6300	6190
20.4	6440	6300
0	6560	6440
1.8	6700	6560
1.1	6800	6700
6.5	6860	6800
1.3	6830	6860
0	6660	6830
5.7	6740	6660
3.7	6710	6740
1.2	6660	6710
4	6610	6660
0	6560	6610
4	6550	6560
2.7	6540	6550
0	6490	6540
1.5	6460	6490
0.1	6450	6460
4.6	6450	6450
1.2	6460	6450
0	6460	6460
0	6470	6460
0.8	6480	6470
0.8	6480	6480
5.4	6490	6480
0.1	6500	6490
0.1	6510	6500
0	6530	6510
0	6570	6530
0	6610	6570
0.3	6650	6610
0	6680	6650
0	6700	6680
0	6740	6700
27.8	6760	6740
21.4	6780	6760
0	6760	6780
7.2	6760	6760
7.8	6770	6760
1.7	6720	6770
13.9	6680	6720
0.3	6630	6680
5.5	6600	6630
0.4	6560	6600
2.8	6490	6560
0	6460	6490
1	6380	6460
3	6310	6380
0	6240	6310
0.7	6190	6240
2.3	6140	6190
0	6070	6140
0	6000	6070
0	5930	6000
0	5870	5930
0	5820	5870
0	5770	5820
0	5720	5770
0	5660	5720
11.6	5620	5660
6.8	5600	5620
0	5570	5600
7	5510	5570
0	5440	5510
0.9	5360	5440
8.1	5280	5360
7.5	5240	5280
9.3	5160	5240
0	5100	5160
0	5060	5100
0	5000	5060
0	4950	5000
0	4880	4950
2	4820	4880
12.7	4750	4820
18.4	4690	4750
0.7	4640	4690
5	4570	4640
2.6	4510	4570
0.3	4440	4510
0	4380	4440
1.2	4320	4380
0	4240	4320
1.6	4180	4240
10.6	4160	4180
28.3	4150	4160
6.4	4120	4150
4.2	4100	4120
20.6	4080	4100
0	4060	4080
1.1	4010	4060
0	3960	4010
0	3900	3960
0	3820	3900
0	3740	3820
0	3650	3740
1.1	3570	3650
2.3	3560	3570
0	3530	3560
0	3520	3530
0.8	3500	3520
1.8	3480	3500
22.8	3340	3480
0	3140	3340
0	3090	3140
0	3080	3090
1	3040	3080
0	3010	3040
0	3020	3010
1.8	2970	3020
0	2980	2970
1.6	2890	2980
0	2910	2890
2.5	2900	2910
0	2840	2900
0	2670	2840
0	2600	2670
0	2550	2600
0	2500	2550
0	2470	2500
0	2420	2470
0	2360	2420
0	2420	2360
0.1	2400	2420
14.1	2320	2400
0	2260	2320
0	2210	2260
0	2070	2210
20.1	2030	2070
0	1960	2030
0	1860	1960
0	1920	1860
0	1890	1920
0	1860	1890
0	1840	1860
0	1840	1840
0	1820	1840
0	1870	1820
0	1900	1870
0	1730	1900
0	1650	1730
0	1670	1650
0	1510	1670
0	1420	1510
0	1480	1420
0	1440	1480
0	1390	1440
0	1380	1390
0	1420	1380
0	1480	1420
0	1510	1480
0	1500	1510
0	1500	1500
0.1	1490	1500
0	1480	1490
0	1430	1480
0	1270	1430
0	1170	1270
0	1190	1170
0	1170	1190
0	1100	1170
0	1110	1100
0	1090	1110
0	1110	1090
0	1110	1110
0	1120	1110
0	1090	1120
0	1100	1090
0	1060	1100
0	1040	1060
0	986	1040
0	872	986
0	817	872
0	840	817
0	841	840
0	846	841
0	775	846
0	730	775
0	801	730
0	768	801
0	801	768
0	780	801
0	881	780
0	876	881
0	699	876
0	634	699
0	688	634
0	724	688
0	726	724
0	738	726
0	682	738
0	647	682
0	656	647
0	642	656
0	586	642
0	507	586
0	526	507
0	585	526
0	517	585
0	408	517
0	474	408
0	585	474
0	608	585
0	598	608
0	538	598
0	459	538
0	436	459
0	447	436
2.6	465	447
0	453	465
0	504	453
0	529	504
0	422	529
0	467	422
0	520	467
0	539	520
0	547	539
0	469	547
10	466	469
0.9	512	466
0	515	512
0	469	515
0	442	469
0	441	442
0	404	441
0	420	404
0	455	420
0	304	455
0	341	304
0	380	341
0	505	380
0	461	505
0	399	461
0	389	399
0	346	389
0	376	346
0	351	376
0	326	351
0	380	326
0	388	380
0	350	388
0	380	350
0	473	380
0	473	473
0	440	473
1.6	399	440
0.1	339	399
0	360	339
0	371	360
1.2	352	371
0	382	352
4.6	382	382
14.4	431	382
0	415	431
0	429	415
0	412	429
10.9	367	412
3.5	404	367
6.7	406	404
0.6	470	406
1.2	473	470
10.5	411	473
1.8	403	411
0.3	358	403
0.1	364	358
0.8	427	364
39.9	398	427
0.3	422	398
8.4	454	422
26.1	478	454
0.1	538	478
0	583	538
0	650	583
0.4	657	650
2.3	612	657
5.1	534	612
0	574	534
0	566	574
8.4	657	566
0	625	657
13.8	810	625
0.4	883	810
8.7	933	883
0	1020	933
0	1250	1020
0	1480	1250
0	1500	1480
0	1500	1500
0	1380	1500
0	1300	1380
0	1210	1300
0.5	1070	1210
0	906	1070
0	948	906
0	890	948
0	819	890
0	828	819
0	841	828
2.4	860	841
17.3	906	860
17.1	934	906
0.5	925	934
0	1030	925
0.2	1190	1030
51.7	1290	1190
3	1340	1290
0	1320	1340
1.1	1340	1320
0.9	1340	1340
0.6	1440	1340
0	1480	1440
4.2	1480	1480
0	1450	1480
41.7	1500	1450
1.3	1620	1500
0.2	1700	1620
4.4	1710	1700
5.2	1730	1710
0.4	1640	1730
44.1	1660	1640
43.9	1590	1660
0.9	1560	1590
0	1510	1560
0	1460	1510
0.3	1480	1460
0	1570	1480
0	1690	1570
0.1	1780	1690
3	1820	1780
0.1	1800	1820
11.1	1860	1800
27.3	1870	1860
0.9	1840	1870
33.2	1760	1840
0	1810	1760
0	1900	1810
1.2	2140	1900
9.3	2360	2140
5.7	2600	2360
0	2660	2600
0	2740	2660
8	2740	2740
0.5	2730	2740
6.7	2690	2730
3.5	2640	2690
0.2	2750	2640
1.5	2840	2750
9.3	2880	2840
1.8	2920	2880
0	2920	2920
10.5	2910	2920
0	2880	2910
0	2860	2880
0	2840	2860
0	2880	2840
7	2940	2880
23.2	3040	2940
7.1	3010	3040
5.4	3020	3010
7	3070	3020
1.1	3150	3070
0	3260	3150
0	3180	3260
0	3160	3180
9.6	3220	3160
0	3320	3220
0	3580	3320
22.3	3640	3580
23	3640	3640
33.3	3670	3640
0.1	3780	3670
2.9	3680	3780
0	4240	3680
0	4360	4240
5.4	4290	4360
0	4250	4290
1	4240	4250
0	4270	4240
0	4300	4270
0	4350	4300
2.5	4410	4350
0.4	4500	4410
2.3	4610	4500
1.1	4710	4610
0	4790	4710
0.3	4880	4790
0.2	4980	4880
12.9	5070	4980
1.8	5160	5070
0.3	5260	5160
0	5340	5260
2	5420	5340
6.7	5500	5420
0	5580	5500
0	5640	5580
8.2	5680	5640
15.6	5710	5680
6.9	5730	5710
18.9	5720	5730
0	5710	5720
4.5	5700	5710
0	5700	5700
0	5620	5700
28.3	5540	5620
4.6	5520	5540
0.3	5500	5520
0.7	5490	5500
2.9	5460	5490
21.7	5440	5460
0	5420	5440
0	5400	5420
0	5380	5400
37.3	5350	5380
3.4	5300	5350
1.4	5260	5300
11.2	5210	5260
7.5	5170	5210
28.1	5140	5170
34	5100	5140
8.1	5060	5100
0.3	5010	5060
25.4	4960	5010
1	4920	4960
5	4890	4920
28	4850	4890
1.3	4810	4850
0	4780	4810
0	4720	4780
0	4650	4720
0	4550	4650
0.4	4460	4550
0.7	4330	4460
34	4190	4330
0	4110	4190
0	3970	4110
0	3840	3970
0	3720	3840
0	3590	3720
0	3460	3590
0	3370	3460
0.3	3300	3370
0	3240	3300
7.6	3160	3240
19.2	3120	3160
0	3080	3120
0	3020	3080
25.9	2930	3020
0	2880	2930
0	2820	2880
0	2720	2820
0	2680	2720
0	2640	2680
0	2690	2640
0	2600	2690
5.4	2500	2600
7.1	2420	2500
7.4	2370	2420
0	2350	2370
0	2330	2350
0	2290	2330
0	2190	2290
0	2150	2190
0	2060	2150
0	2030	2060
0	2030	2030
0	2090	2030
0	2030	2090
0	2010	2030
0	1950	2010
0	1900	1950
40.2	1790	1900
0.4	1780	1790
0	1760	1780
0	1700	1760
0	1630	1700
0	1670	1630
0	1690	1670
0	1670	1690
0	1600	1670
0	1500	1600
0	1530	1500
0	1440	1530
0	1320	1440
0	1240	1320
0	1320	1240
0	1170	1320
0	1180	1170
0	1180	1180
0	1210	1180
0	1200	1210
0	1260	1200
0	1340	1260
0	1370	1340
0	1250	1370
0	1150	1250
0	1080	1150
0	995	1080
0	959	995
0	1050	959
0	944	1050
0	973	944
0	915	973
0	813	915
0	854	813
0	787	854
0.4	846	787
0	863	846
0	866	863
0	910	866
0	940	910
0	684	940
0	591	684
0	692	591
0	661	692
0	659	661
0	586	659
0	580	586
0	691	580
0	585	691
0	605	585
0	684	605
0	732	684
0	650	732
0	670	650
0	481	670
0	523	481
0	576	523
0	575	576
0	517	575
0	510	517
0	488	510
0	432	488
0	409	432
0	508	409
0	543	508
0	491	543
0	545	491
0	610	545
0	457	610
0	333	457
0	307	333
0	394	307
0	436	394
0	416	436
0	470	416
0	470	470
0	472	470
0	454	472
0	441	454
0	453	441
0	491	453
0	411	491
0	367	411
0	272	367
0	282	272
0	399	282
0	422	399
0	373	422
0	284	373
0	316	284
0	292	316
0	315	292
0	313	315
0	329	313
0	320	329
0	375	320
0	369	375
0	260	369
0	182	260
0	257	182
0	405	257
0	353	405
0	264	353
0	286	264
0	322	286
0	297	322
0	271	297
0	290	271
0	360	290
0	325	360
0	269	325
0	145	269
0	183	145
0	293	183
0	271	293
0	378	271
0	314	378
9	231	314
0	193	231
0	197	193
0	267	197
0	293	267
0	248	293
0	263	248
0	229	263
0	262	229
0	243	262
0	294	243
0	394	294
0	393	394
0	313	393
0	229	313
0	245	229
0	256	245
0	264	256
0	254	264
0	277	254
0	299	277
0	301	299
0	289	301
0	239	289
0	250	239
0	325	250
14.1	351	325
0	420	351
1.1	420	420
0	324	420
0	285	324
0	270	285
0	257	270
0	267	257
0	311	267
53.2	435	311
55.8	369	435
0	395	369
0	546	395
16.7	527	546
2.1	484	527
5.3	461	484
20.8	403	461
13.2	409	403
0	402	409
0	413	402
8.6	423	413
2.6	428	423
0	499	428
2.1	457	499
5.1	463	457
0	516	463
0	506	516
0	500	506
0	548	500
0	595	548
0	562	595
0	592	562
0.6	586	592
51.8	609	586
33.8	506	609
12.1	670	506
15.2	816	670
0	882	816
0.4	979	882
0	1200	979
0	1250	1200
12.4	1220	1250
13.2	1100	1220
0.4	1080	1100
11.2	1220	1080
19.3	1260	1220
0.7	1330	1260
8.9	1510	1330
0	1760	1510
0	1780	1760
0	1790	1780
0.2	1740	1790
0	1710	1740
0.6	1700	1710
3.5	1790	1700
0	1920	1790
0.4	2080	1920
2.2	2180	2080
2.3	2180	2180
0	2180	2180
0.1	2140	2180
14.8	2000	2140
0.9	1950	2000
0	1840	1950
0	1790	1840
0	1740	1790
0	1720	1740
0	1680	1720
0	1740	1680
0	1750	1740
0	1820	1750
0.8	1730	1820
0	1840	1730
0	1890	1840
0	1910	1890
0	1900	1910
8.9	1860	1900
22.2	1880	1860
0	1830	1880
0	1810	1830
5.7	1830	1810
1.8	1840	1830
2.8	1900	1840
0.9	1950	1900
0	2060	1950
0	2150	2060
0.2	2350	2150
0.2	2490	2350
1.8	2620	2490
0	2670	2620
0	2820	2670
0	3210	2820
0	3530	3210
0.1	3550	3530
1.7	3730	3550
0.1	3820	3730
3.4	3860	3820
1.2	3900	3860
9.7	3920	3900
29.2	3930	3920
4.6	3910	3930
0.6	3920	3910
3.4	3920	3920
0	3940	3920
0	4000	3940
0	4090	4000
0	4190	4090
0	4290	4190
6.7	4380	4290
0.3	4480	4380
9	4580	4480
0	4660	4580
0	4730	4660
0	4810	4730
4.2	4880	4810
0	4970	4880
0	5050	4970
0.1	5130	5050
0	5200	5130
4.7	5270	5200
0.9	5340	5270
6.5	5420	5340
0	5480	5420
1.4	5540	5480
17.4	5590	5540
0.2	5640	5590
0	5680	5640
0	5720	5680
0.2	5740	5720
0	5760	5740
0	5770	5760
0	5790	5770
0.4	5810	5790
8	5820	5810
56.9	5840	5820
1.9	5870	5840
11.6	5910	5870
0	5950	5910
3.2	5970	5950
0	6000	5970
2.3	6020	6000
5.7	6050	6020
1.4	6070	6050
1.3	6120	6070
0	6160	6120
3.1	6210	6160
0	6230	6210
3.7	6280	6230
0	6310	6280
3	6380	6310
71.5	6430	6380
42.9	6450	6430
0.2	6490	6450
6.1	6480	6490
6.8	6400	6480
11.6	6240	6400
25.4	6220	6240
66.9	6160	6220
91.2	6130	6160
0.6	6130	6130
0	6080	6130
12.4	6000	6080
0	5910	6000
0	5820	5910
97.2	5760	5820
24.3	5660	5760
0	5650	5660
0	5600	5650
0.4	5530	5600
23.8	5450	5530
6.1	5370	5450
0	5310	5370
0	5220	5310
0	5110	5220
0.1	5000	5110
0	4900	5000
1	4810	4900
0	4720	4810
0	4630	4720
0	4560	4630
0	4480	4560
0	4400	4480
0	4340	4400
1.1	4260	4340
0.6	4180	4260
0.6	4100	4180
0.1	4020	4100
0	3940	4020
0	3850	3940
0	3750	3850
9.7	3630	3750
0	3490	3630
0	3360	3490
59.8	3220	3360
7.4	3100	3220
0	3100	3100
0.5	3040	3100
3.5	2910	3040
0.7	2850	2910
0	2840	2850
5.3	2720	2840
13.8	2660	2720
0	2650	2660
0	2640	2650
0	2490	2640
0	2370	2490
0	2370	2370
0	2360	2370
5.8	2310	2360
0	2230	2310
6.4	2070	2230
6.3	2110	2070
0	2180	2110
0	2140	2180
0	2170	2140
0	2130	2170
0	2090	2130
0	2130	2090
0	2110	2130
0	2170	2110
0	1980	2170
0	1930	1980
0	1960	1930
0	1840	1960
0	1700	1840
0	1680	1700
0	1590	1680
0	1590	1590
0	1590	1590
0	1450	1590
0	1610	1450
0	1560	1610
0	1620	1560
0	1590	1620
0	1530	1590
0	1480	1530
0	1430	1480
0	1320	1430
0	1300	1320
0	1290	1300
0	1240	1290
0	1220	1240
0	1180	1220
0	1080	1180
0	1090	1080
0	1090	1090
0	1090	1090
0	1060	1090
0	1100	1060
0	1110	1100
0	1090	1110
0	1020	1090
0	898	1020
0	751	898
0	749	751
0	750	749
0	772	750
0	788	772
0	821	788
0	729	821
0	714	729
0	808	714
0	862	808
0	860	862
0	893	860
0	755	893
0	638	755
0	598	638
0	713	598
0	678	713
0	659	678
0	631	659
0	618	631
0	668	618
0	644	668
0	597	644
0	564	597
0	617	564
0	521	617
0	646	521
0	584	646
0	468	584
0	297	468
0	364	297
0	436	364
0	497	436
0	441	497
0	563	441
0	462	563
0	560	462
0	452	560
0	487	452
0	523	487
0	513	523
0	356	513
0	283	356
0	393	283
0	363	393
0	361	363
0	361	361
0	436	361
0	462	436
0	400	462
0	400	400
0	350	400
0	343	350
0	315	343
0	342	315
0	283	342
0	221	283
0	345	221
0	246	345
0	303	246
0	434	303
0	409	434
0	303	409
0	409	303
0	336	409
0	332	336
0	248	332
0	331	248
0	393	331
0	308	393
0.1	193	308
0	252	193
0	308	252
0	414	308
0	376	414
0	319	376
0	277	319
0	220	277
0	294	220
0	370	294
0	379	370
0	306	379
0	290	306
0	297	290
0	293	297
0	223	293
0	229	223
0	285	229
0	391	285
0	426	391
0	350	426
0	323	350
0	325	323
0	333	325
0	327	333
0	320	327
0	300	320
0	231	300
0	215	231
0	285	215
0	361	285
0	373	361
0	384	373
0	354	384
0	293	354
0	322	293
0	289	322
0	318	289
0	315	318
0	308	315
0	305	308
0	316	305
0	298	316
0	272	298
0	314	272
0	402	314
0	373	402
0	313	373
0	298	313
0.1	297	298
17.4	268	297
8.4	277	268
5.4	301	277
1.9	308	301
2.5	425	308
0	353	425
3.9	333	353
21.5	371	333
1	262	371
0.1	353	262
0.2	367	353
0	373	367
0	357	373
2.1	198	357
0	243	198
0.9	223	243
0	247	223
0	255	247
0	348	255
8.6	315	348
1.9	341	315
0	436	341
0	531	436
0	560	531
20.2	574	560
4.3	527	574
3.7	498	527
6.4	413	498
0	443	413
9.3	430	443
0.4	385	430
9.5	387	385
4.5	396	387
0	349	396
0	390	349
0	374	390
0	408	374
0	515	408
0	526	515
0.3	555	526
0	484	555
4.5	503	484
6.5	461	503
0	542	461
34.1	553	542
0	629	553
0	688	629
13.6	757	688
0.2	831	757
0	919	831
0	1090	919
0.6	1190	1090
0	1200	1190
30.4	1110	1200
0	1160	1110
6.5	133	1160
0.3	156	133
0.2	179	156
1	199	179
4.4	217	199
21.8	227	217
13.7	234	227
0	239	234
0	247	239
0.2	251	247
1.4	247	251
0.2	250	247
54.1	244	250
3.5	240	244
0	233	240
0	225	233
0	218	225
0.7	213	218
0	208	213
21.5	203	208
3.5	192	203
3.4	175	192
0	172	175
9.6	177	172
16.5	178	177
0.1	188	178
11.1	207	188
27.5	253	207
7.3	322	253
13.6	360	322
2.2	382	360
0.9	3990	382
0	4030	3990
0	4090	4030
0	4140	4090
0	4200	4140
0	4270	4200
0	4360	4270
0	4430	4360
0	4510	4430
14.8	4590	4510
19.1	4670	4590
19.1	4770	4670
6.7	4900	4770
7.3	5010	4900
0.1	5120	5010
0	5240	5120
2.4	5370	5240
17.4	5510	5370
0	5630	5510
0	5740	5630
0	5860	5740
0	5980	5860
0	6080	5980
20.6	6170	6080
0	6250	6170
1.1	6280	6250
0	6290	6280
0.4	6290	6290
0.3	6290	6290
0	6290	6290
4.1	6290	6290
11.5	6290	6290
0	6290	6290
0	6290	6290
0	6290	6290
24.1	6290	6290
2.1	6290	6290
10.3	6290	6290
0.3	6290	6290
1.8	6290	6290
75.9	6290	6290
0.8	6290	6290
2.7	6280	6290
0	6280	6280
1.6	6280	6280
4.1	6270	6280
0.7	6280	6270
46.1	6300	6280
9.3	6380	6300
0	6480	6380
0	6500	6480
0	6440	6500
0	6450	6440
4.9	6500	6450
1.6	6540	6500
4.7	6550	6540
0	6520	6550
0	6430	6520
2.6	6490	6430
0	6520	6490
3.2	6510	6520
0	6530	6510
9.3	6530	6530
19	6550	6530
0	6540	6550
2.3	6450	6540
2	6490	6450
5.6	6490	6490
0	6530	6490
82.4	6540	6530
0.2	6520	6540
7.3	6360	6520
2.3	6210	6360
23.3	6160	6210
1.4	6150	6160
0	6150	6150
14.8	6130	6150
2.2	6100	6130
18.3	6060	6100
26.5	6010	6060
66.2	5960	6010
39	5890	5960
5.4	5800	5890
5.7	5750	5800
1.4	5670	5750
0	5570	5670
0	5470	5570
0	5360	5470
0	5260	5360
0	5150	5260
3.8	5040	5150
0	4950	5040
0	4850	4950
27	4760	4850
58.5	4680	4760
1.1	4610	4680
0.1	4570	4610
3	4500	4570
0.9	4420	4500
0	4340	4420
78	4250	4340
1.9	4180	4250
17.2	4120	4180
77.1	4080	4120
2.8	4050	4080
0.2	4040	4050
17.1	4020	4040
23.1	4000	4020
7.1	3980	4000
0	3910	3980
0	3780	3910
0	3700	3780
0	3510	3700
0	3480	3510
1.1	3360	3480
33.5	3330	3360
28.8	3300	3330
10.9	3350	3300
0.4	3400	3350
0	3280	3400
7.9	3210	3280
2.3	3100	3210
4.6	2950	3100
1.2	2830	2950
30.3	2910	2830
32.4	2720	2910
0	2780	2720
0	2760	2780
0	2700	2760
0	2560	2700
0	2580	2560
0	2500	2580
0	2440	2500
1.3	2390	2440
3.7	2330	2390
0.4	2300	2330
0	2130	2300
0	2090	2130
0	2040	2090
14	2080	2040
1.1	2130	2080
0	2140	2130
0	2110	2140
0	2140	2110
1.7	2120	2140
20.8	2090	2120
0	2130	2090
0	2120	2130
0	2030	2120
0	1860	2030
0	1800	1860
2.8	1710	1800
0	1490	1710
0	1520	1490
1.3	1510	1520
0	1530	1510
0	1550	1530
0	1560	1550
0	1610	1560
0	1640	1610
0	1560	1640
0	1450	1560
0	1420	1450
0	1350	1420
0	1310	1350
0	1240	1310
0	1280	1240
0	1240	1280
0	1240	1240
0	1270	1240
0	1330	1270
0	1280	1330
0	1310	1280
0	1270	1310
9.8	1130	1270
0	1090	1130
0	1030	1090
0	939	1030
0	910	939
0	875	910
0	856	875
0	757	856
2.1	852	757
0	855	852
0	827	855
0	820	827
0	878	820
0	983	878
0	861	983
0	857	861
0	632	857
0	596	632
0	632	596
0	748	632
0	712	748
0	641	712
1.6	606	641
0	709	606
0	711	709
0	768	711
0	664	768
0	662	664
0	621	662
0	649	621
0	599	649
0	527	599
0	426	527
0	464	426
0	534	464
0	544	534
0	568	544
0	561	568
0	535	561
0	427	535
0	426	427
0	510	426
0	570	510
0	607	570
0	441	607
0	318	441
0	393	318
0	461	393
0	510	461
0	490	510
5.8	363	490
0	421	363
0	420	421
0	372	420
0	389	372
0	355	389
0	363	355
0	322	363
0	337	322
0	408	337
0	235	408
0	383	235
0	458	383
0	428	458
0	345	428
0	362	345
0.1	367	362
0	414	367
0	383	414
0	370	383
0	417	370
0	386	417
0	401	386
0	278	401
0	308	278
0.5	419	308
1.1	485	419
0.5	485	485
0	464	485
0	402	464
0	397	402
0	378	397
0	375	378
44.6	353	375
0	344	353
6.2	295	344
3.6	328	295
0	316	328
0	332	316
7.2	399	332
13.2	507	399
0	468	507
0	431	468
0	335	431
0	322	335
0	312	322
20.4	314	312
11.8	280	314
0	329	280
0	340	329
0	356	340
0	316	356
0	295	316
15.6	328	295
0	417	328
0	465	417
0	485	465
0	427	485
0.3	358	427
0	344	358
0.4	352	344
0	361	352
0	364	361
0	393	364
0.9	360	393
9	338	360
23.6	386	338
0.5	379	386
23.6	421	379
0	560	421
0	497	560
0.6	549	497
8.8	482	549
0.2	356	482
0	350	356
0	415	350
7.1	433	415
0.2	499	433
0	477	499
0	475	477
0	549	475
12	669	549
12	738	669
18.2	798	738
0	796	798
0	853	796
0	868	853
4	942	868
4.9	864	942
0	839	864
2.1	834	839
0.4	813	834
0	805	813
0	780	805
0	750	780
16.3	794	750
1	809	794
0	879	809
0.1	867	879
0	809	867
24.9	780	809
0.3	764	780
0	651	764
0	638	651
0	704	638
11.7	687	704
3	779	687
14	855	779
0.6	807	855
0.1	885	807
1.2	957	885
13.6	1120	957
5.8	1140	1120
0	1110	1140
11.6	1170	1110
22.7	1520	1170
3.4	2050	1520
3.4	2430	2050
6.3	2640	2430
1.4	2580	2640
2.6	2420	2580
8.4	2390	2420
0.6	2290	2390
0	2380	2290
3	2400	2380
0	2410	2400
0	2360	2410
0	2440	2360
0	2480	2440
0.3	2580	2480
0	2650	2580
1.3	2730	2650
0	2700	2730
0	2700	2700
0.4	2790	2700
0	3040	2790
0	3280	3040
7.4	3350	3280
1.7	3570	3350
8.7	3580	3570
1.3	3600	3580
0	3680	3600
0.3	3780	3680
0.2	4040	3780
5.5	4110	4040
3.3	4120	4110
7	4160	4120
4.2	4230	4160
0	4350	4230
0	4420	4350
7.1	4470	4420
0	4510	4470
3.1	4570	4510
115.2	4620	4570
0.1	4700	4620
1.2	4790	4700
0	4940	4790
6.1	5020	4940
0	5120	5020
0	5200	5120
5.5	5300	5200
2.6	5400	5300
6.7	5490	5400
0.1	5530	5490
5.6	5560	5530
0	5570	5560
0	5590	5570
6.9	5610	5590
32.9	5640	5610
10.9	5680	5640
3.2	5710	5680
0	5770	5710
0	5810	5770
0.7	5850	5810
0.4	5890	5850
0.5	5910	5890
0	5940	5910
0	5960	5940
2.3	5970	5960
4.1	5950	5970
0.3	5950	5950
23.5	5900	5950
3.2	5840	5900
20.3	5810	5840
0	5790	5810
9.3	5770	5790
0	5730	5770
9.2	5680	5730
0	5630	5680
0	5570	5630
0	5530	5570
16.6	5500	5530
0.6	5500	5500
1.8	5540	5500
10.4	5580	5540
26.9	5620	5580
9	5650	5620
10.7	5630	5650
1.9	5580	5630
0.4	5510	5580
7.2	5480	5510
0	5490	5480
32.4	5500	5490
27.9	5520	5500
0.2	5560	5520
0	5600	5560
9.1	5650	5600
0.3	5720	5650
0.5	5800	5720
26.5	5910	5800
3.3	5950	5910
0.1	6030	5950
0	6140	6030
0.9	6190	6140
0	6290	6190
0	6340	6290
39.1	6380	6340
4.6	6430	6380
9.7	6430	6430
1.8	6450	6430
6.7	6410	6450
7.1	6380	6410
4.5	6330	6380
5.1	6300	6330
0	6260	6300
5.2	6220	6260
23.4	6170	6220
24.9	6130	6170
0	6050	6130
0	5960	6050
0	5830	5960
0.2	5730	5830
0	5630	5730
0	5500	5630
0	5400	5500
0	5300	5400
0	5210	5300
0	5140	5210
0	5050	5140
0	4960	5050
6.2	4880	4960
0	4800	4880
0	4700	4800
0	4610	4700
0	4490	4610
0	4490	4490
0	4390	4490
8	4250	4390
0	4180	4250
0	4220	4180
2.5	4110	4220
0	3970	4110
0.1	3880	3970
0	3810	3880
0	3700	3810
0	3550	3700
0	3480	3550
0	3430	3480
0	3340	3430
0	3300	3340
0	3260	3300
0	3190	3260
0	3110	3190
0	3010	3110
0	2950	3010
0	2800	2950
0	2660	2800
0	2650	2660
0	2440	2650
0	2270	2440
0	2370	2270
22.4	2410	2370
0	2380	2410
0	2460	2380
0.2	2340	2460
0	2400	2340
0	2370	2400
0	2270	2370
0	2240	2270
0	2140	2240
0	2140	2140
0	2010	2140
0	1910	2010
0	1830	1910
0	1750	1830
0	1680	1750
0	1570	1680
0	1640	1570
0	1650	1640
0	1710	1650
0	1820	1710
0	1710	1820
0	1730	1710
0	1690	1730
0	1630	1690
0.2	1450	1630
0.4	1460	1450
1.5	1340	1460
3.5	1380	1340
0	1290	1380
0	1340	1290
0	1370	1340
0	1160	1370
0	1350	1160
0	1400	1350
0	1330	1400
0	1300	1330
0	1180	1300
0.2	984	1180
0	923	984
0	1040	923
0	1070	1040
0	944	1070
0	1070	944
0	925	1070
0	891	925
0	903	891
0	922	903
0	965	922
0	911	965
0	1010	911
0	970	1010
0	685	970
0	626	685
0	725	626
0	734	725
0	806	734
0	758	806
0	658	758
0	739	658
0	694	739
0	710	694
0	747	710
0	709	747
0	821	709
0	742	821
0	658	742
0	533	658
0	587	533
0	564	587
0	604	564
0	598	604
0	455	598
0	531	455
0	574	531
0	501	574
0	549	501
0	530	549
0	575	530
0	517	575
0	463	517
0	341	463
0	339	341
0	408	339
0	508	408
0	476	508
0	420	476
0	412	420
0	371	412
0	472	371
0	417	472
0	439	417
0	502	439
0	372	502
0	349	372
0	250	349
0	364	250