0	1720
0	1720
0	1740
0	1710
0	1640
0	1600
0	1610
0	1580
0	1550
0	1560
0	1600
0	1530
0	1540
0	1470
0	1400
0	1350
0	1290
0	1250
0	1260
0	1230
0.1	1210
0	1260
0	1260
0	1340
0	1260
0	1280
0	1270
0	1150
0	1150
0	1050
0	1050
0	1040
0	1010
0	938
0	987
0	948
0	978
0	960
0	918
0	1040
0	914
0	968
0	825
0	769
0	776
0	681
0	714
0	606
0	690
0	750
0	746
0	745
0	765
0	763
0	838
0	755
0	678
0	618
0	633
0	626
0	604
0	626
0	564
0	494
0	540
0	549
0	576
0	596
0	603
0	582
0	554
0	530
0	580
0	485
0	434
0	444
0	437
0	440
0	426
0	483
0	480
0	412
0	459
0	415
0	415
0	459
0	494
0	476
0	417
0	438
0	420
0	355
0	282
16.7	280
1.4	327
0	384
0	416
0	477
0	478
0	487
0.5	461
0.1	400
0	391
0	381
8.5	419
0	389
0	398
8.1	493
0	511
18.4	487
0	416
0	519
0	475
0	517
0	487
0	472
11.9	608
1.5	560
37.1	486
0	413
9.1	366
3	302
0	352
0.6	397
0	311
18.3	470
0	527
19.3	516
0.2	541
0.2	597
0	550
0	544
23	615
4.6	647
7	737
9.8	803
4.2	904
11.5	1120
10.8	1210
12.3	1160
9.8	1200
0	1240
0	1180
0	1100
0	1040
0	989
0	915
0	824
0	848
0	852
21	820
6	1020
5.4	875
0	977
0	976
5.7	1010
15.7	995
1.5	1180
1.4	1100
8.4	1020
3	1040
4.7	1000
0.2	913
0	984
30.5	948
0.1	969
1.3	1090
0	1120
0	1110
9.5	1120
0	1210
2.6	1350
0	1380
6.4	1520
0	1540
0	1620
0	1570
0	1550
0	1620
0	1580
0	1580
0	1600
0.5	1650
0	1590
3.1	1640
5.4	1550
1.3	1540
0.1	1490
10.4	1500
13.4	1540
64.1	1600
2.9	1580
0	1530
1.3	1550
4.5	1540
9.6	1570
3.6	1570
23.4	1630
11.6	1720
0.7	1810
8.3	1970
21	2050
18.5	2230
3.3	2410
15.1	2790
0	3160
9.1	3340
14.5	3500
10.6	3680
0.2	3870
0	3990
0	4080
0.3	4110
3.9	4140
0	4150
11.8	4140
0	4200
0	4350
0	4490
7	4580
0	4640
0.3	4680
4.7	4700
0	4700
0	4710
0	4720
0	4730
0.3	4760
15.4	4740
2.1	4780
2	4830
2.9	4880
1.1	4890
1	4900
1.1	4930
22.2	4950
0	5010
1.4	5100
9.8	5180
0.1	5340
0	5420
1.6	5360
0	5410
31	5440
4.6	5480
1.4	5500
7.8	5480
33.8	5470
46.8	5460
0	5460
0.9	5420
1.6	5390
2.6	5400
27.2	5400
31.2	5410
0.6	5440
0	5490
1.3	5550
1.7	5660
0.2	5770
0	5870
0	5980
0	6090
0	6220
0	6360
0.8	6530
4.3	6750
18.3	6990
0	7260
7	7490
17.7	7700
11.3	7870
0	8040
0	8110
0	8140
0.1	8150
0.1	8140
1.5	8100
0	7990
12.6	7890
7.5	7830
5.6	7740
1.4	7650
0.1	7580
33.1	7500
0.2	7410
63	7350
0	7270
21.4	7190
0	7090
1	6960
0	6860
0.3	6800
7.6	6710
6.9	6680
1.8	6640
17.1	6480
0	6590
1	6700
15.5	6700
34.2	6690
11.5	6660
0.8	6570
5.1	6460
11.8	6390
2.8	6340
0	6270
3.8	6240
0	6260
10	6320
0	6380
0	6390
0	6400
0	6340
85.8	6270
0	6210
0	6130
1.9	6040
40.4	5960
19.3	5940
18.2	5870
45.9	5820
6.1	5700
0.3	5650
33.2	5630
7.9	5560
294.5	5530
0	5490
0	5400
0	5280
34.8	5210
26.7	5110
31	4980
2.6	4900
0.2	4820
0.8	4710
4	4640
4.6	4570
0.3	4510
0	4410
0	4310
0	4220
0	4160
0	4100
0	3990
0	3940
0	3840
0	3820
0	3700
0	3610
2.6	3500
1.6	3380
0.8	3320
0	3240
0	3190
0	3130
0	3120
0	3120
0	3100
0	3070
0	2970
0	2870
0.8	2840
0	2800
0	2830
0	2750
0	2750
0	2690
0	2550
0	2480
0	2380
0	2340
0	2230
0	2180
0	2110
0	2080
0	2030
0	2000
0	2010
0	2000
0	1960
0	1910
0	1800
0	1840
0	1810
0	1720
0.1	1700
0	1640
0	1670
0	1560
0	1520
0	1540
0	1520
0	1530
0	1550
0	1510
0	1480
0	1410
0	1360
0	1260
0	1190
0	1220
0	1160
0	1170
0.5	1210
0.3	1190
1.2	1270
0.2	1280
0	1320
0.4	1310
0	1250
0	1150
0	1140
0	1140
0	1070
0	1030
0	952
0	936
0	948
0	932
0	913
0	901
0	897
0	974
0	912
0	900
0	828
0	793
0	740
0	712
0	668
0	673
0	689
0	709
0	713
0	716
0	716
0	730
0	712
0	668
0	626
0	612
0	586
0	576
0	566
0	528
0	496
0	529
0	498
0	498
0	511
0	553
0	532
0	522
0	498
0	582
0	558
0	458
0	415
0	408
0	441
0	431
0	554
0	511
0	557
0	570
0	607
0	624
0	590
0	598
0	590
0	588
0	552
0	535
0	538
17.7	552
0	581
14.9	567
0.2	524
0	586
2.4	580
11.4	533
0.2	604
0	669
0	644
0	660
0	557
0	506
13.7	485
0	478
0	474
0	462
0	445
0	462
0	509
0	540
0	518
1.3	545
35.2	541
0	474
7.7	500
4.6	460
0	472
0	481
4.8	532
12.8	492
0	549
0.1	509
0	539
0	588
0	646
0	707
1.7	786
4.6	756
5.2	769
0	764
0	698
0.1	769
3.6	784
0.5	781
5.6	860
11.5	884
0	920
0	913
0	962
0	946
0	882
0	891
0	801
0	797
0.4	756
0	700
0	707
0	676
1.7	650
7.7	605
0	678
0	633
0	666
0	790
0.9	873
2.2	951
0.1	901
3.7	944
6.9	1100
37.9	1300
1.8	1560
27	1680
2.9	1800
0.4	1900
12	1960
0	2040
0.4	2110
1.4	2130
1.9	2140
1.2	2190
15.6	2300
23.8	2280
11	2250
16.2	2270
28.1	2410
0	2790
3.8	3180
0	3270
0	3330
2.5	3710
5.6	3770
0	3880
0	3980
0.5	4110
0	4220
0	4300
6	4380
0.2	4450
4.3	4520
3.7	4600
4.9	4670
27	4770
9.7	4880
0.1	5010
2.4	5170
0.6	5310
0	5460
0	5660
0	5830
0	5940
0	6020
0	6050
0	6000
0	5920
0	5850
0	5750
0.3	5680
0	5660
0	5660
8.7	5690
0.8	5760
7.9	5820
21.6	5900
13.3	6000
15.2	6100
0	6200
4	6230
0.8	6220
0	6190
5.2	6150
0	6090
0	6060
0	6050
0	6040
0	6020
0	6000
0	5990
0	5960
0	5920
34.6	5910
3.4	5910
0	5890
0	5900
0	5900
24.9	5900
10.9	5930
4.8	6000
16.4	6060
0	6100
0.5	6130
2.9	6140
9.4	6140
19.8	6130
11	6120
0	6140
0	6100
0.6	6070
0	6050
0	6010
0	6050
0	6060
0	6090
0.7	6100
4.1	6120
70.8	6130
0	6160
6.2	6130
76.2	6080
8.5	6060
7.6	6070
0	6030
0	6020
8.2	6000
0	6010
0	6000
1.7	5960
33.7	5960
0	6100
16.7	6070
0.1	5980
1.8	5890
0	5800
0	5700
46.7	5610
0	5500
0	5370
0	5320
36.1	5220
14.2	5080
19.3	5020
0.3	4900
0	4850
7.1	4680
6	4580
0	4520
10.3	4350
0	4380
0	4320
0	4240
0	4180
1.1	4090
0.1	4020
9.3	3950
0.2	3880
5.7	3850
0	3760
0	3660
0	3600
0	3580
0.4	3520
4.3	3480
0	3410
6.2	3290
0	3190
0	3120
8.6	3040
0.1	2960
0	3220
0	3200
4.6	3120
0	3010
2	2920
0	2840
0	2760
0	2640
0.9	2560
10.3	2530
0	2550
1.3	2570
5	2510
0	2520
0	2390
0	2250
0	2180
0	2170
0	2110
0	2070
0	2100
0	2080
0	2060
0	2050
0	2100
0	2060
0	2060
0	2030
0	1940
0	1870
0	1810
0	1740
0	1690
0	1620
0	1550
0	1550
0	1550
0	1500
0	1550
0	1590
0	1620
0	1590
0	1510
0	1390
0	1320
0	1300
0	1290
0	1250
0	1210
0	1180
0	1220
0	1200
0	1200
0	1260
0	1170
0	1130
0	1180
0	1120
0	990
0	851
0	824
0	846
0	878
0	803
0	837
0	808
0	792
0	842
0	857
0	897
0	898
0	858
0	735
0	702
0	621
0	695
0	715
0	710
0	721
0	717
0	727
0	702
0	720
0	765
0	738
0	737
0	666
0	596
0	477
0	501
0	557
0	559
0	495
0	462
0	467
0	435
0	503
0	577
0	642
0	567
0	549
0	523
0	512
0	510
0	496
0	476
0	477
0	409
0	386
0	359
0	409
0	454
0	428
0	463
0	405
0	494
0	335
0	283
0	345
0	261
0	317
0	290
0	264
0	292
0	310
0	406
0	404
0	423
0	354
0	391
0	350
0	390
0	382
0	338
0	309
0	261
0	280
0	311
0	313
0.1	294
0.1	320
0	327
75.3	358
35.7	372
3.6	386
1.4	394
0	434
0	437
0	396
0	376
0	338
0	352
0	351
0	354
0	387
0	388
0	394
0	454
0	446
0	449
0	395
0.1	336
0	286
0	321
0	329
0	357
0	289
0	302
0	420
66.7	450
0	452
0	430
0.8	448
0	511
0	460
0	467
0	489
0	407
0	421
1.2	417
4.3	460
0	487
0.5	508
0	554
0.5	650
3.3	664
0	738
0.8	774
1.2	799
0	777
0	786
5.7	731
0	716
0.9	680
0	718
11.3	714
19.7	753
0	789
1.6	781
19.9	760
0	928
1.9	913
0	1020
0	1030
0	983
0	933
0	926
51.2	794
0	816
0	768
0.5	776
35.2	731
1.7	701
16.1	770
11.9	737
0	870
17.8	861
7.6	886
0	862
11.7	878
39.4	1030
0.3	1180
41.4	1360
0	1390
0	1570
0	1890
0	2150
43.7	2170
14.7	2240
15	2240
0	2290
0	2490
0	2460
7.2	2500
0	2420
0	2360
12.3	2300
10.4	2320
13.9	2280
0.3	2300
0	2330
44.7	2350
0.3	2280
10.3	2210
0.9	2240
0	2240
0	2190
24.6	2290
19.9	2410
14.3	2440
4.3	2460
0	2330
0	2290
7	2340
0.1	2360
0	2430
0	2510
7.9	2520
0.7	2540
0	2540
2.3	2620
0	2640
0	2760
3.2	2790
0.2	2910
15.4	2830
0.2	3020
15.6	3030
3.8	3050
0	3090
0	3120
44.8	3260
0.5	3350
0	3420
0	3420
0	3410
2.8	3380
2.5	3350
3.4	3310
0.1	3280
5.1	3220
3.7	3190
0.5	3190
2.1	3200
7.4	3240
1.1	3230
0	3280
2.6	3310
0.8	3380
2.3	3440
0.2	3480
13.1	3540
4.5	3600
0.7	3620
0.3	3640
0.2	3690
6.6	3720
1.2	3740
0.5	3770
1.4	3840
0	3900
0	3950
20.7	4000
0.9	4060
2.7	4100
0.1	4150
6.1	4180
0.4	4210
1.3	4230
0	4250
4.9	4260
9.4	4260
0	4270
0	4240
0.7	4220
5.1	4230
34.6	4250
14.7	4280
7.6	4300
0.4	4330
15.6	4320
0.4	4320
0	4280
0	4260
0	4220
29.9	4200
1.2	4150
11.2	4100
6	4070
16.1	4040
0.3	4010
9.1	3970
23.8	3940
0	3940
0	3900
0	3860
23.1	3810
17.3	3770
0	3740
30.3	3680
1.4	3630
16.7	3560
1.4	3520
29.7	3490
19	3470
31.6	3470
66.4	3110
0	2990
3	3030
0	3000
0	2900
0	3020
19.5	2900
17.1	2920
1	2800
0.5	2650
2.3	2710
0	2620
1.3	2550
0	2700
0	2670
0	2640
0	2710
0	2840
0	2990
0	3110
0	3080
0	3170
0	3120
0	3200
0	3180
8.2	3110
0	3020
0	2930
0	2750
0	2690
0	2700
0	2580
4.1	2520
4.2	2480
7.5	2300
0.6	2270
18	2220
0	2180
0	2110
0	1970
0	1940
0	1880
0	1910
0	1830
0	1910
0	1920
1.6	1890
9.6	1900
0	1920
0	1900
0	1800
0	1770
0	1620
0	1520
0.2	1480
0.6	1340
0	1360
0	1280
0	1280
0	1220
0	1260
0	1310
0	1270
0	1230
0	1320
3.1	1260
0	1120
0	1030
0.3	1020
2.6	946
0	964
0	979
0	991
0	956
0	894
0	918
0	924
0	932
0	906
0	944
0.2	898
0	780
1.5	711
0	677
0	721
0	675
0	757
2.1	666
0	690
0	688
0	735
0	805
0	768
0	835
0	718
7.6	608
2.9	476
0	446
0	551
0	514
0	519
0	463
0	503
0	522
0	517
0	496
0	488
0	582
0	504
0	469
0	451
0	447
0	440
0.8	401
0	387
0	392
0	441
0	446
0.7	460
0	454
0	487
0	437
0	473
0	400
0	406
0	304
0	295
0	379
0	334
0	236
0	251
0	218
0	276
0	305
24.8	326
0	358
0	305
0	282
0	335
0	410
9.7	376
0	366
28.5	364
0	306
67.7	306
3.5	274
8.9	343
26.2	365
1	372
26.1	406
0	395
0	402
0	416
0	426
10.7	434
0.7	429
0	509
0.3	355
64.7	330
0	268
0	289
0.1	313
0	332
0	402
0	456
16.3	497
0	595
0.6	598
1.1	579
6.4	610
0.1	576
0.9	576
0	541
0	584
0	605
5.9	595
28.9	608
0	668
16.8	671
0	742
0	899
0	1030
2.2	988
0	936
0	862
1.1	817
0.5	675
1.6	660
1.2	686
18.7	842
0.1	1110
2.3	1240
1.6	1370
23.1	1450
1.2	1480
2.2	1540
1.7	1540
0	1520
5.4	1520
1.7	1600
0	1750
1.7	1800
3	1780
1.9	1810
0	1820
4.9	1870
6.9	1960
35.4	2060
5.8	2200
9.3	2350
0.2	2460
0	2530
16.3	2660
5.7	2770
0	2930
0.2	2940
0	2860
0	2750
0	2720
1.7	2660
0	2600
0	2600
0	2670
0	2760
0	2840
0	2900
0	2900
0	3010
0	3070
13.1	3140
49.6	3140
0.2	3120
0	3100
26.6	3160
10.2	3130
0	3080
0.4	3110
0.2	3160
0.1	3140
0	3150
0	3060
13.5	3080
0	3100
0	3110
1.3	3120
0	3140
0.1	3140
0	3150
18	3140
0	3190
0	3210
0	3290
10.3	3310
0	3380
0	3350
3.3	3390
0	3410
11.9	3530
9	3540
9.7	3530
26	3530
7.1	3590
0.6	3750
6.9	3860
7.6	3990
12.2	4090
1.6	4210
1.6	4370
1.4	4510
5.5	4620
1.1	4720
0	4840
0	4950
0	5060
0	5160
0	5270
0	5400
0	5510
0	5580
0	5640
0	5680
0	5710
0	5670
2.6	5620
0	5600
0.5	5500
54.1	5440
105.3	5410
43	5360
0.5	5230
13.9	5260
1.8	5230
1.8	5210
0.9	5220
0	5200
8.8	5220
3.8	5250
2.3	5250
3.7	5260
0.2	5250
8.1	5270
0	5280
0.1	5270
0.5	5280
0	5290
0	5320
0	5360
0	5410
0	5440
7	5470
0	5490
1.6	5500
0	5490
0	5490
0	5500
1.1	5520
0	5530
0	5560
0	5600
0	5620
0	5670
6.6	5730
1.9	5820
0	5950
0.2	5970
0.2	6030
3.7	6010
45.7	6060
0	6090
23.8	6100
0	6180
6.8	6190
0	6240
28.2	6220
0.5	6240
10	6260
0.3	6250
0	6210
23.1	6190
15	6140
12.1	6110
0	6070
0.2	5970
0.6	5870
6.3	5800
0	5710
0	5610
0	5520
0	5470
24.7	5420
50.3	5400
11.8	5450
1	5390
0	5320
15.9	5250
0	5220
0	5200
39	5140
6.7	5110
0	5010
10.4	4960
57.1	4940
8.3	5020
1.5	5010
17.6	5070
0	5170
4.1	5250
17.9	5370
0	5460
0.1	5450
12.8	5380
6	5320
47.7	5220
36.4	5150
33.7	5090
0	4980
0	4930
0	4830
0	4750
1.2	4690
0.1	4640
0	4600
4.7	4560
25.9	4540
0	4410
0	4370
26.1	4280
0	4160
0	3980
0	3880
1.3	3860
12.1	3860
4.4	3840
3.1	3820
1.1	3820
0	3820
0	3760
0	3680
1.6	3600
0	3530
0.5	3480
0	3440
0	3460
0	3420
0	3330
0	3270
0	3250
0	3100
0	2940
0	2920
0	2830
0	2740
0	2700
0	2650
0	2630
0	2620
0	2610
0	2660
0	2660
0	2620
0	2500
20.3	2400
2.6	2350
0	2290
0	2240
0	2190
0	2130
0	2060
0	2030
0	2020
0	2020
0	2010
0	1990
0	1980
0	1940
0	1900
0	1790
0	1700
11.6	1620
0	1570
0	1580
0	1530
18.6	1470
0	1530
0	1510
0	1580
0	1630
0	1640
0	1580
0	1420
0	1410
0	1320
0	1360
0	1340
0	1230
0	1190
0	1180
0	1150
0	1070
0	1060
0	1140
0	1140
0	1130
0	1100
0	1080
0	969
0.1	898
0	923
0	907
0	932
0	923
0	920
0	968
0	971
39.6	996
0	920
0	894
10.1	918
26	901
0	712
0	810
0	862
0	845
18.6	817
0	849
0	786
0	734
0	701
0	735
0	726
0	709
0	733
0	752
0	686
0	658
12.1	684
0	676
0	654
0	677
0	630
0	686
0	651
0	660
0	682
0.1	596
0.4	613
3.1	573
0.4	553
0	621
0	591
0	692
0	668
0	563
0	512
0	481
0	462
0	423
0	444
0	403
0	474
50.2	424
4.9	533
3	530
50.3	561
1.8	550
3.6	523
0.6	566
38.1	536
0	542
0.8	629
12.6	656
0	688
11.7	769
4.9	781
0	782
6.1	816
0	797
43.9	744
0	794
0	763
0	785
82	729
0	719
1.2	737
0	754
73.6	753
14.5	733
1	767
2.6	832
3.9	877
13.9	941
5.6	952
7.8	890
4.5	891
0.7	848
0	899
9.7	919
0	973
0.9	1080
0	1160
1.7	1190
0.2	1240
0.9	1310
0.6	1380
1.3	1640
1.1	1950
0	2270
0.5	2390
0	2380
0.2	2340
44.3	2330
0	2280
0.8	2120
5	2140
8.3	2340
0	2460
0	2570
0	2610
8.1	2480
5	2340
0.3	2130
0	1960
0	1810
0	1630
0	1500
0	1460
0	1450
5.8	1560
2.8	1880
10.7	2290
0	2790
0	3100
1.6	3260
4.6	3320
0	3330
0	3330
0.1	3340
0.2	3390
0	3520
13	3700
1.9	3900
1.9	4040
0	4140
0.8	4220
4.4	4280
8.7	4330
8.3	4310
0	4290
0	4310
0	4320
9.8	4350
13.7	4390
10.2	4420
0	4480
0	4610
18.1	4740
3.2	4870
9.8	4980
0.1	5090
0	5170
0	5280
0	5400
2.2	5520
0	5660
0	5780
7	5900
9.6	6020
0	6120
0	6190
1.5	6240
0	6310
0	6360
0	6400
0	6440
0	6470
1	6480
0	6470
0	6460
0	6450
8.2	6450
0.8	6440
0	6420
0	6420
0	6410
0	6380
0	6380
0.6	6380
0	6380
0.2	6370
0	6360
20.1	6360
16.8	6370
2.3	6390
0	6400
63.3	6380
150.5	6420
19.9	6470
3.3	6490
7.9	6490
0.6	6510
10.9	6540
0.3	6560
0.7	6600
8.3	6640
0	6680
0	6720
0	6780
0.1	6840
10	6890
0	6950
0	7020
0	7080
4.8	7120
20.5	7160
15.1	7200
0.3	7290
0.4	7360
0	7420
1.2	7460
0	7510
0	7560
81.6	7580
6.8	7620
3	7650
0	7660
0.7	7680
0	7640
0.2	7510
0.2	7470
0.6	7390
1.1	7300
0.2	7180
1.4	7060
1.1	6950
6.2	6840
0	6710
1	6590
11.2	6460
7.1	6350
10.6	6250
0.1	6150
24.4	6030
1.5	5940
0	5880
22.6	5810
7.1	5830
56.7	5800
12.6	5840
11.6	5860
0	5880
0.5	5900
24.2	5920
0.3	5960
0	5940
0	5920
0.8	5890
2.7	5860
12.7	5800
2.1	5760
3	5700
5.4	5630
11.2	5560
13.2	5510
0	5440
101.4	5380
11.3	5390
0	5330
0	5220
0	5110
0	4990
0	4870
0	4770
0.8	4670
0	4570
0	4480
15.2	4400
0.6	4320
30.4	4270
21.1	4220
14.2	4160
9	4110
13.2	4030
0	3960
7.7	3880
0	3800
0	3770
0	3700
24.8	3620
0	3560
0	3490
0.3	3430
0	3380
0	3300
3.2	3220
0	3150
0	3060
0	2990
0	2900
0	2810
0	2730
1.2	2660
16.6	2580
2.1	2530
0	2520
0	2500
3.1	2460
15	2470
3.9	2960
0	3210
5.9	3160
0	3090
0	3030
1.2	3030
14.8	2940
11.7	2930
17.3	2960
0	2860
0	2800
0	2730
0	2640
0	2630
0	2580
16.4	2570
2.2	2530
7.4	2600
0	2520
0	2500
0	2440
0	2500
0	2420
0	2320
0	2330
0	2240
0	2120
0	2130
0	2080
0	1990
0	1960
19.3	1900
1	1720
0	1770
0	1820
0	1810
9.4	1730
0	1600
0	1600
0	1580
0	1540
0	1510
0	1450
0	1420
0	1360
0	1390
0	1340
0	1300
0	1330
0	1330
0	1370
0	1310
0	1260
0	1180
0	1120
0	1120
0	998
0	970
0	925
0	949
0	990
0	1010
0	1020
0	1050
0	1040
0	1090
0	998
0	877
0	885
0	905
0	843
0	828
0	863
0	822
0	772
0	782
0	744
0	718
0	731
0	750
0	799
0	777
0	512
0	673
0	668
0	611
0	570
0	572
0	611
0	567
0	627
0	699
0	629
0.3	704
10.5	751
1.5	606
0	681
0	741
6.6	716
6.3	676
0	628
0	640
0	642
0.3	584
4.7	585
0	608
0	576
1.2	604
13.2	627
23.8	630
1.2	667
0	625
0	729
0	690
0	656
0	595
0	574
0	567
0	579
2.6	586
0	568
0	524
0	523
0.8	480
1.5	494
0	538
0	562
0	555
0	490
0	439
0	428
47.2	406
13	405
14.7	388
0	370
21.8	417
13.6	424
0	456
0	466
0	477
0	520
0	502
0	402
0	392
0	420
0	424
0	452
0	477
0	478
0	432
0	446
3.2	505
3.3	466
19.3	468
0	500
1	551
18.6	635
9.3	715
13	647
0	670
6	721
0	740
0	713
0	696
0.3	643
0.9	678
0	770
0	884
0	926
0	1020
0	1050
0	1080
0	1120
0	1180
0.2	1260
3.6	1350
0.5	1440
0	1520
0	1490
0	1610
2.9	1720
32.1	1870
0	1950
0	2010
1.4	2060
0.2	2140
0	2170
1	2210
0	2270
0.1	2300
3.8	2200
3.4	2140
11.4	2110
11	2180
14.9	2290
4.2	2620
0	3000
1.2	3050
0	3040
0.2	3050
0.6	3080
17.7	3200
11	3270
9.9	3330
8.3	3330
12.1	3480
27.8	3400
0	3280
0	3510
0	3850
0	4060
0	4140
0	4180
0	4170
0	4160
2	4130
0	4110
0.9	4090
0	4100
0	4130
1.6	4160
0	4230
0	4330
0	4430
0	4490
0.3	4540
0	4570
5.2	4580
0.5	4600
0	4610
0	4610
0.2	4660
20.6	4660
4.7	4680
7.5	4720
4.2	4800
7.2	4820
20.2	4850
0	4870
9.4	4890
36.6	4900
3.3	4940
13.4	5010
13.2	5080
0	5160
0	5240
5	5320
5.4	5410
0.2	5530
0	5660
0.1	5790
0.1	5930
0.4	6090
20.5	6260
24	6410
0.1	6550
0	6650
0	6720
9.8	6780
3.9	6830
0	6890
1.2	6960
0	7000
1	7040
0	7070
20.2	7090
0	7110
0.1	7100
0	7080
0	7060
10.4	7040
2.9	7020
16.8	7000
1.6	6970
0	6960
0	6960
0.2	6970
0	7010
0.5	7050
0.4	7080
0	7120
0	7040
13	6970
39.3	6990
0	7000
19.6	6990
0	6960
0	6940
0.5	6900
1.3	6870
2.6	6840
9.3	6810
3.5	6780
15.1	6770
0	6740
48.4	6740
0.2	6730
18.8	6700
6.9	6650
12	6590
1	6570
9.8	6510
33.6	6480
5.5	6460
38.4	6400
7.3	6370
9	6320
39.3	6280
17.7	6250
1.8	6230
0.1	6180
13.3	6130
0.4	6100
16.2	6010
1.1	5950
0	5890
0	5860
20.3	5810
24.3	5790
44.8	5750
46.4	5740
0	5700
3.7	5650
0	5600
0	5560
1	5500
12.6	5470
0	5440
7.2	5380
0	5360
0	5310
0	5280
0	5240
0	5200
0	5160
0	5120
0	5100
0	5100
0	5060
0	5040
0	5000
0	4960
0	4900
0	4820
0	4740
0	4660
0	4590
0.2	4520
0	4450
0	4380
0	4300
0	4230
0	4180
0	4130
0	4080
0	4040
0	3960
0	3900
0	3830
0	3750
0	3630
0	3500
0	3410
1.2	3350
0.8	3310
4.6	3310
0	3300
0	3290
0	3250
0	3170
0	3120
0	3040
0.2	2920
0	2800
0	2440
0	2380
0	2300
0	2250
0	2200
0	2160
0	2170
0	2090
0	2070
0.1	1980
0	2020
0	1990
0	1990
0	1950
0	1930
0	1920
0	1960
0	1900
0	1880
0	1770
0	1740
0	1620
0	1570
0	1570
0	1620
0	1600
0	1600
0	1580
0	1570
0	1560
0	1550
0	1490
0	1470
0	1480
0	1380
0	1310
0	1250
0	1190
0	1150
0	1090
0	1180
0	1200
0	1240
0	1240
0	1220
0	1280
0	1220
0	1150
0	1110
0	1120
0	1070
0	909
0	798
0	1040
0	1030
0	997
0	881
0	884
0	934
0	884
0	940
0	876
0	782
0	733
0	796
0	778
0	744
0	704
0	548
0	526
0	585
0	552
0	672
0	729
0	700
0	517
0	559
0	644
0	681
0	691
0	620
0	584
0	558
0	562
0	552
0	496
0	480
0	506
0	435
0	447
0	479
0	445
0	522
0	518
0	444
0	419
0	327
0	392
0	391
0	470
0	414
0	445
0	440
0	449
0	449
0	432
0	500
0	486
12.2	410
0	378
3.3	372
0	240
0	315
0	300
0	344
0	355
0	367
0	353
0	284
0.2	364
13.3	374
0.7	448
0	418
1	362
8.9	342
0.8	309
0	325
0	336
0	327
0	369
0	373
0	406
0	402
0	463
0.2	458
3.2	493
0	502
0	408
8.7	381
0.9	346
0.1	354
0	330
0	321
0	381
0	388
0	390
0.2	386
0	433
0	473
0.2	505
0	557
0.4	510
0.1	474
1.1	462
0.3	512
0.1	563
0	656
0	661
0	752
0	919
0	1040
13.6	1160
0	1190
0	1210
0.4	1220
0.4	1220
0	1200
0	1190
0	1190
0	1130
0	1160
0	1260
0	1330
0	1430
10.6	1460
17.4	1540
0	1740
0	1920
0	2040
1.2	2050
0	2080
0.3	2050
0.6	2000
1.1	2000
0	2110
41.8	2300
0	2460
0	2470
0	2470
5	2440
3	2420
0	2470
0	2520
13.9	2500
0.5	2470
1.8	2440
0.7	2510
9	2790
0	3100
0	3280
0	3550
0	3750
0	3940
0	4090
11.5	4210
1	4310
1.9	4360
0	4390
0	4430
0	4420
5.2	4410
0	4420
0	4450
0.6	4450
0.4	4480
0.7	4480
0	4460
0.3	4450
4.1	4470
0	4470
12.4	4470
0	4530
0	4580
0.4	4620
0.7	4630
17.1	4670
12.9	4730
0.4	4820
3	4890
0.1	4960
0	5000
0	5070
0	5150
7.2	5210
0.4	5290
2.1	5350
0	5420
0.9	5480
8.9	5560
21.8	5630
10.9	5730
7.4	5840
0	5930
0	6020
0	6100
2.1	6190
0	6300
20.4	6440
0	6560
1.8	6700
1.1	6800
6.5	6860
1.3	6830
0	6660
5.7	6740
3.7	6710
1.2	6660
4	6610
0	6560
4	6550
2.7	6540
0	6490
1.5	6460
0.1	6450
4.6	6450
1.2	6460
0	6460
0	6470
0.8	6480
0.8	6480
5.4	6490
0.1	6500
0.1	6510
0	6530
0	6570
0	6610
0.3	6650
0	6680
0	6700
0	6740
27.8	6760
21.4	6780
0	6760
7.2	6760
7.8	6770
1.7	6720
13.9	6680
0.3	6630
5.5	6600
0.4	6560
2.8	6490
0	6460
1	6380
3	6310
0	6240
0.7	6190
2.3	6140
0	6070
0	6000
0	5930
0	5870
0	5820
0	5770
0	5720
0	5660
11.6	5620
6.8	5600
0	5570
7	5510
0	5440
0.9	5360
8.1	5280
7.5	5240
9.3	5160
0	5100
0	5060
0	5000
0	4950
0	4880
2	4820
12.7	4750
18.4	4690
0.7	4640
5	4570
2.6	4510
0.3	4440
0	4380
1.2	4320
0	4240
1.6	4180
10.6	4160
28.3	4150
6.4	4120
4.2	4100
20.6	4080
0	4060
1.1	4010
0	3960
0	3900
0	3820
0	3740
0	3650
1.1	3570
2.3	3560
0	3530
0	3520
0.8	3500
1.8	3480
22.8	3340
0	3140
0	3090
0	3080
1	3040
0	3010
0	3020
1.8	2970
0	2980
1.6	2890
0	2910
2.5	2900
0	2840
0	2670
0	2600
0	2550
0	2500
0	2470
0	2420
0	2360
0	2420
0.1	2400
14.1	2320
0	2260
0	2210
0	2070
20.1	2030
0	1960
0	1860
0	1920
0	1890
0	1860
0	1840
0	1840
0	1820
0	1870
0	1900
0	1730
0	1650
0	1670
0	1510
0	1420
0	1480
0	1440
0	1390
0	1380
0	1420
0	1480
0	1510
0	1500
0	1500
0.1	1490
0	1480
0	1430
0	1270
0	1170
0	1190
0	1170
0	1100
0	1110
0	1090
0	1110
0	1110
0	1120
0	1090
0	1100
0	1060
0	1040
0	986
0	872
0	817
0	840
0	841
0	846
0	775
0	730
0	801
0	768
0	801
0	780
0	881
0	876
0	699
0	634
0	688
0	724
0	726
0	738
0	682
0	647
0	656
0	642
0	586
0	507
0	526
0	585
0	517
0	408
0	474
0	585
0	608
0	598
0	538
0	459
0	436
0	447
2.6	465
0	453
0	504
0	529
0	422
0	467
0	520
0	539
0	547
0	469
10	466
0.9	512
0	515
0	469
0	442
0	441
0	404
0	420
0	455
0	304
0	341
0	380
0	505
0	461
0	399
0	389
0	346
0	376
0	351
0	326
0	380
0	388
0	350
0	380
0	473
0	473
0	440
1.6	399
0.1	339
0	360
0	371
1.2	352
0	382
4.6	382
14.4	431
0	415
0	429
0	412
10.9	367
3.5	404
6.7	406
0.6	470
1.2	473
10.5	411
1.8	403
0.3	358
0.1	364
0.8	427
39.9	398
0.3	422
8.4	454
26.1	478
0.1	538
0	583
0	650
0.4	657
2.3	612
5.1	534
0	574
0	566
8.4	657
0	625
13.8	810
0.4	883
8.7	933
0	1020
0	1250
0	1480
0	1500
0	1500
0	1380
0	1300
0	1210
0.5	1070
0	906
0	948
0	890
0	819
0	828
0	841
2.4	860
17.3	906
17.1	934
0.5	925
0	1030
0.2	1190
51.7	1290
3	1340
0	1320
1.1	1340
0.9	1340
0.6	1440
0	1480
4.2	1480
0	1450
41.7	1500
1.3	1620
0.2	1700
4.4	1710
5.2	1730
0.4	1640
44.1	1660
43.9	1590
0.9	1560
0	1510
0	1460
0.3	1480
0	1570
0	1690
0.1	1780
3	1820
0.1	1800
11.1	1860
27.3	1870
0.9	1840
33.2	1760
0	1810
0	1900
1.2	2140
9.3	2360
5.7	2600
0	2660
0	2740
8	2740
0.5	2730
6.7	2690
3.5	2640
0.2	2750
1.5	2840
9.3	2880
1.8	2920
0	2920
10.5	2910
0	2880
0	2860
0	2840
0	2880
7	2940
23.2	3040
7.1	3010
5.4	3020
7	3070
1.1	3150
0	3260
0	3180
0	3160
9.6	3220
0	3320
0	3580
22.3	3640
23	3640
33.3	3670
0.1	3780
2.9	3680
0	4240
0	4360
5.4	4290
0	4250
1	4240
0	4270
0	4300
0	4350
2.5	4410
0.4	4500
2.3	4610
1.1	4710
0	4790
0.3	4880
0.2	4980
12.9	5070
1.8	5160
0.3	5260
0	5340
2	5420
6.7	5500
0	5580
0	5640
8.2	5680
15.6	5710
6.9	5730
18.9	5720
0	5710
4.5	5700
0	5700
0	5620
28.3	5540
4.6	5520
0.3	5500
0.7	5490
2.9	5460
21.7	5440
0	5420
0	5400
0	5380
37.3	5350
3.4	5300
1.4	5260
11.2	5210
7.5	5170
28.1	5140
34	5100
8.1	5060
0.3	5010
25.4	4960
1	4920
5	4890
28	4850
1.3	4810
0	4780
0	4720
0	4650
0	4550
0.4	4460
0.7	4330
34	4190
0	4110
0	3970
0	3840
0	3720
0	3590
0	3460
0	3370
0.3	3300
0	3240
7.6	3160
19.2	3120
0	3080
0	3020
25.9	2930
0	2880
0	2820
0	2720
0	2680
0	2640
0	2690
0	2600
5.4	2500
7.1	2420
7.4	2370
0	2350
0	2330
0	2290
0	2190
0	2150
0	2060
0	2030
0	2030
0	2090
0	2030
0	2010
0	1950
0	1900
40.2	1790
0.4	1780
0	1760
0	1700
0	1630
0	1670
0	1690
0	1670
0	1600
0	1500
0	1530
0	1440
0	1320
0	1240
0	1320
0	1170
0	1180
0	1180
0	1210
0	1200
0	1260
0	1340
0	1370
0	1250
0	1150
0	1080
0	995
0	959
0	1050
0	944
0	973
0	915
0	813
0	854
0	787
0.4	846
0	863
0	866
0	910
0	940
0	684
0	591
0	692
0	661
0	659
0	586
0	580
0	691
0	585
0	605
0	684
0	732
0	650
0	670
0	481
0	523
0	576
0	575
0	517
0	510
0	488
0	432
0	409
0	508
0	543
0	491
0	545
0	610
0	457
0	333
0	307
0	394
0	436
0	416
0	470
0	470
0	472
0	454
0	441
0	453
0	491
0	411
0	367
0	272
0	282
0	399
0	422
0	373
0	284
0	316
0	292
0	315
0	313
0	329
0	320
0	375
0	369
0	260
0	182
0	257
0	405
0	353
0	264
0	286
0	322
0	297
0	271
0	290
0	360
0	325
0	269
0	145
0	183
0	293
0	271
0	378
0	314
9	231
0	193
0	197
0	267
0	293
0	248
0	263
0	229
0	262
0	243
0	294
0	394
0	393
0	313
0	229
0	245
0	256
0	264
0	254
0	277
0	299
0	301
0	289
0	239
0	250
0	325
14.1	351
0	420
1.1	420
0	324
0	285
0	270
0	257
0	267
0	311
53.2	435
55.8	369
0	395
0	546
16.7	527
2.1	484
5.3	461
20.8	403
13.2	409
0	402
0	413
8.6	423
2.6	428
0	499
2.1	457
5.1	463
0	516
0	506
0	500
0	548
0	595
0	562
0	592
0.6	586
51.8	609
33.8	506
12.1	670
15.2	816
0	882
0.4	979
0	1200
0	1250
12.4	1220
13.2	1100
0.4	1080
11.2	1220
19.3	1260
0.7	1330
8.9	1510
0	1760
0	1780
0	1790
0.2	1740
0	1710
0.6	1700
3.5	1790
0	1920
0.4	2080
2.2	2180
2.3	2180
0	2180
0.1	2140
14.8	2000
0.9	1950
0	1840
0	1790
0	1740
0	1720
0	1680
0	1740
0	1750
0	1820
0.8	1730
0	1840
0	1890
0	1910
0	1900
8.9	1860
22.2	1880
0	1830
0	1810
5.7	1830
1.8	1840
2.8	1900
0.9	1950
0	2060
0	2150
0.2	2350
0.2	2490
1.8	2620
0	2670
0	2820
0	3210
0	3530
0.1	3550
1.7	3730
0.1	3820
3.4	3860
1.2	3900
9.7	3920
29.2	3930
4.6	3910
0.6	3920
3.4	3920
0	3940
0	4000
0	4090
0	4190
0	4290
6.7	4380
0.3	4480
9	4580
0	4660
0	4730
0	4810
4.2	4880
0	4970
0	5050
0.1	5130
0	5200
4.7	5270
0.9	5340
6.5	5420
0	5480
1.4	5540
17.4	5590
0.2	5640
0	5680
0	5720
0.2	5740
0	5760
0	5770
0	5790
0.4	5810
8	5820
56.9	5840
1.9	5870
11.6	5910
0	5950
3.2	5970
0	6000
2.3	6020
5.7	6050
1.4	6070
1.3	6120
0	6160
3.1	6210
0	6230
3.7	6280
0	6310
3	6380
71.5	6430
42.9	6450
0.2	6490
6.1	6480
6.8	6400
11.6	6240
25.4	6220
66.9	6160
91.2	6130
0.6	6130
0	6080
12.4	6000
0	5910
0	5820
97.2	5760
24.3	5660
0	5650
0	5600
0.4	5530
23.8	5450
6.1	5370
0	5310
0	5220
0	5110
0.1	5000
0	4900
1	4810
0	4720
0	4630
0	4560
0	4480
0	4400
0	4340
1.1	4260
0.6	4180
0.6	4100
0.1	4020
0	3940
0	3850
0	3750
9.7	3630
0	3490
0	3360
59.8	3220
7.4	3100
0	3100
0.5	3040
3.5	2910
0.7	2850
0	2840
5.3	2720
13.8	2660
0	2650
0	2640
0	2490
0	2370
0	2370
0	2360
5.8	2310
0	2230
6.4	2070
6.3	2110
0	2180
0	2140
0	2170
0	2130
0	2090
0	2130
0	2110
0	2170
0	1980
0	1930
0	1960
0	1840
0	1700
0	1680
0	1590
0	1590
0	1590
0	1450
0	1610
0	1560
0	1620
0	1590
0	1530
0	1480
0	1430
0	1320
0	1300
0	1290
0	1240
0	1220
0	1180
0	1080
0	1090
0	1090
0	1090
0	1060
0	1100
0	1110
0	1090
0	1020
0	898
0	751
0	749
0	750
0	772
0	788
0	821
0	729
0	714
0	808
0	862
0	860
0	893
0	755
0	638
0	598
0	713
0	678
0	659
0	631
0	618
0	668
0	644
0	597
0	564
0	617
0	521
0	646
0	584
0	468
0	297
0	364
0	436
0	497
0	441
0	563
0	462
0	560
0	452
0	487
0	523
0	513
0	356
0	283
0	393
0	363
0	361
0	361
0	436
0	462
0	400
0	400
0	350
0	343
0	315
0	342
0	283
0	221
0	345
0	246
0	303
0	434
0	409
0	303
0	409
0	336
0	332
0	248
0	331
0	393
0	308
0.1	193
0	252
0	308
0	414
0	376
0	319
0	277
0	220
0	294
0	370
0	379
0	306
0	290
0	297
0	293
0	223
0	229
0	285
0	391
0	426
0	350
0	323
0	325
0	333
0	327
0	320
0	300
0	231
0	215
0	285
0	361
0	373
0	384
0	354
0	293
0	322
0	289
0	318
0	315
0	308
0	305
0	316
0	298
0	272
0	314
0	402
0	373
0	313
0	298
0.1	297
17.4	268
8.4	277
5.4	301
1.9	308
2.5	425
0	353
3.9	333
21.5	371
1	262
0.1	353
0.2	367
0	373
0	357
2.1	198
0	243
0.9	223
0	247
0	255
0	348
8.6	315
1.9	341
0	436
0	531
0	560
20.2	574
4.3	527
3.7	498
6.4	413
0	443
9.3	430
0.4	385
9.5	387
4.5	396
0	349
0	390
0	374
0	408
0	515
0	526
0.3	555
0	484
4.5	503
6.5	461
0	542
34.1	553
0	629
0	688
13.6	757
0.2	831
0	919
0	1090
0.6	1190
0	1200
30.4	1110
0	1160
6.5	133
0.3	156
0.2	179
1	199
4.4	217
21.8	227
13.7	234
0	239
0	247
0.2	251
1.4	247
0.2	250
54.1	244
3.5	240
0	233
0	225
0	218
0.7	213
0	208
21.5	203
3.5	192
3.4	175
0	172
9.6	177
16.5	178
0.1	188
11.1	207
27.5	253
7.3	322
13.6	360
2.2	382
0.9	3990
0	4030
0	4090
0	4140
0	4200
0	4270
0	4360
0	4430
0	4510
14.8	4590
19.1	4670
19.1	4770
6.7	4900
7.3	5010
0.1	5120
0	5240
2.4	5370
17.4	5510
0	5630
0	5740
0	5860
0	5980
0	6080
20.6	6170
0	6250
1.1	6280
0	6290
0.4	6290
0.3	6290
0	6290
4.1	6290
11.5	6290
0	6290
0	6290
0	6290
24.1	6290
2.1	6290
10.3	6290
0.3	6290
1.8	6290
75.9	6290
0.8	6290
2.7	6280
0	6280
1.6	6280
4.1	6270
0.7	6280
46.1	6300
9.3	6380
0	6480
0	6500
0	6440
0	6450
4.9	6500
1.6	6540
4.7	6550
0	6520
0	6430
2.6	6490
0	6520
3.2	6510
0	6530
9.3	6530
19	6550
0	6540
2.3	6450
2	6490
5.6	6490
0	6530
82.4	6540
0.2	6520
7.3	6360
2.3	6210
23.3	6160
1.4	6150
0	6150
14.8	6130
2.2	6100
18.3	6060
26.5	6010
66.2	5960
39	5890
5.4	5800
5.7	5750
1.4	5670
0	5570
0	5470
0	5360
0	5260
0	5150
3.8	5040
0	4950
0	4850
27	4760
58.5	4680
1.1	4610
0.1	4570
3	4500
0.9	4420
0	4340
78	4250
1.9	4180
17.2	4120
77.1	4080
2.8	4050
0.2	4040
17.1	4020
23.1	4000
7.1	3980
0	3910
0	3780
0	3700
0	3510
0	3480
1.1	3360
33.5	3330
28.8	3300
10.9	3350
0.4	3400
0	3280
7.9	3210
2.3	3100
4.6	2950
1.2	2830
30.3	2910
32.4	2720
0	2780
0	2760
0	2700
0	2560
0	2580
0	2500
0	2440
1.3	2390
3.7	2330
0.4	2300
0	2130
0	2090
0	2040
14	2080
1.1	2130
0	2140
0	2110
0	2140
1.7	2120
20.8	2090
0	2130
0	2120
0	2030
0	1860
0	1800
2.8	1710
0	1490
0	1520
1.3	1510
0	1530
0	1550
0	1560
0	1610
0	1640
0	1560
0	1450
0	1420
0	1350
0	1310
0	1240
0	1280
0	1240
0	1240
0	1270
0	1330
0	1280
0	1310
0	1270
9.8	1130
0	1090
0	1030
0	939
0	910
0	875
0	856
0	757
2.1	852
0	855
0	827
0	820
0	878
0	983
0	861
0	857
0	632
0	596
0	632
0	748
0	712
0	641
1.6	606
0	709
0	711
0	768
0	664
0	662
0	621
0	649
0	599
0	527
0	426
0	464
0	534
0	544
0	568
0	561
0	535
0	427
0	426
0	510
0	570
0	607
0	441
0	318
0	393
0	461
0	510
0	490
5.8	363
0	421
0	420
0	372
0	389
0	355
0	363
0	322
0	337
0	408
0	235
0	383
0	458
0	428
0	345
0	362
0.1	367
0	414
0	383
0	370
0	417
0	386
0	401
0	278
0	308
0.5	419
1.1	485
0.5	485
0	464
0	402
0	397
0	378
0	375
44.6	353
0	344
6.2	295
3.6	328
0	316
0	332
7.2	399
13.2	507
0	468
0	431
0	335
0	322
0	312
20.4	314
11.8	280
0	329
0	340
0	356
0	316
0	295
15.6	328
0	417
0	465
0	485
0	427
0.3	358
0	344
0.4	352
0	361
0	364
0	393
0.9	360
9	338
23.6	386
0.5	379
23.6	421
0	560
0	497
0.6	549
8.8	482
0.2	356
0	350
0	415
7.1	433
0.2	499
0	477
0	475
0	549
12	669
12	738
18.2	798
0	796
0	853
0	868
4	942
4.9	864
0	839
2.1	834
0.4	813
0	805
0	780
0	750
16.3	794
1	809
0	879
0.1	867
0	809
24.9	780
0.3	764
0	651
0	638
0	704
11.7	687
3	779
14	855
0.6	807
0.1	885
1.2	957
13.6	1120
5.8	1140
0	1110
11.6	1170
22.7	1520
3.4	2050
3.4	2430
6.3	2640
1.4	2580
2.6	2420
8.4	2390
0.6	2290
0	2380
3	2400
0	2410
0	2360
0	2440
0	2480
0.3	2580
0	2650
1.3	2730
0	2700
0	2700
0.4	2790
0	3040
0	3280
7.4	3350
1.7	3570
8.7	3580
1.3	3600
0	3680
0.3	3780
0.2	4040
5.5	4110
3.3	4120
7	4160
4.2	4230
0	4350
0	4420
7.1	4470
0	4510
3.1	4570
115.2	4620
0.1	4700
1.2	4790
0	4940
6.1	5020
0	5120
0	5200
5.5	5300
2.6	5400
6.7	5490
0.1	5530
5.6	5560
0	5570
0	5590
6.9	5610
32.9	5640
10.9	5680
3.2	5710
0	5770
0	5810
0.7	5850
0.4	5890
0.5	5910
0	5940
0	5960
2.3	5970
4.1	5950
0.3	5950
23.5	5900
3.2	5840
20.3	5810
0	5790
9.3	5770
0	5730
9.2	5680
0	5630
0	5570
0	5530
16.6	5500
0.6	5500
1.8	5540
10.4	5580
26.9	5620
9	5650
10.7	5630
1.9	5580
0.4	5510
7.2	5480
0	5490
32.4	5500
27.9	5520
0.2	5560
0	5600
9.1	5650
0.3	5720
0.5	5800
26.5	5910
3.3	5950
0.1	6030
0	6140
0.9	6190
0	6290
0	6340
39.1	6380
4.6	6430
9.7	6430
1.8	6450
6.7	6410
7.1	6380
4.5	6330
5.1	6300
0	6260
5.2	6220
23.4	6170
24.9	6130
0	6050
0	5960
0	5830
0.2	5730
0	5630
0	5500
0	5400
0	5300
0	5210
0	5140
0	5050
0	4960
6.2	4880
0	4800
0	4700
0	4610
0	4490
0	4490
0	4390
8	4250
0	4180
0	4220
2.5	4110
0	3970
0.1	3880
0	3810
0	3700
0	3550
0	3480
0	3430
0	3340
0	3300
0	3260
0	3190
0	3110
0	3010
0	2950
0	2800
0	2660
0	2650
0	2440
0	2270
0	2370
22.4	2410
0	2380
0	2460
0.2	2340
0	2400
0	2370
0	2270
0	2240
0	2140
0	2140
0	2010
0	1910
0	1830
0	1750
0	1680
0	1570
0	1640
0	1650
0	1710
0	1820
0	1710
0	1730
0	1690
0	1630
0.2	1450
0.4	1460
1.5	1340
3.5	1380
0	1290
0	1340
0	1370
0	1160
0	1350
0	1400
0	1330
0	1300
0	1180
0.2	984
0	923
0	1040
0	1070
0	944
0	1070
0	925
0	891
0	903
0	922
0	965
0	911
0	1010
0	970
0	685
0	626
0	725
0	734
0	806
0	758
0	658
0	739
0	694
0	710
0	747
0	709
0	821
0	742
0	658
0	533
0	587
0	564
0	604
0	598
0	455
0	531
0	574
0	501
0	549
0	530
0	575
0	517
0	463
0	341
0	339
0	408
0	508
0	476
0	420
0	412
0	371
0	472
0	417
0	439
0	502
0	372
0	349
0	250
0	364