1720
1740
1710
1640
1600
1610
1580
1550
1560
1600
1530
1540
1470
1400
1350
1290
1250
1260
1230
1210
1260
1260
1340
1260
1280
1270
1150
1150
1050
1050
1040
1010
938
987
948
978
960
918
1040
914
968
825
769
776
681
714
606
690
750
746
745
765
763
838
755
678
618
633
626
604
626
564
494
540
549
576
596
603
582
554
530
580
485
434
444
437
440
426
483
480
412
459
415
415
459
494
476
417
438
420
355
282
280
327
384
416
477
478
487
461
400
391
381
419
389
398
493
511
487
416
519
475
517
487
472
608
560
486
413
366
302
352
397
311
470
527
516
541
597
550
544
615
647
737
803
904
1120
1210
1160
1200
1240
1180
1100
1040
989
915
824
848
852
820
1020
875
977
976
1010
995
1180
1100
1020
1040
1000
913
984
948
969
1090
1120
1110
1120
1210
1350
1380
1520
1540
1620
1570
1550
1620
1580
1580
1600
1650
1590
1640
1550
1540
1490
1500
1540
1600
1580
1530
1550
1540
1570
1570
1630
1720
1810
1970
2050
2230
2410
2790
3160
3340
3500
3680
3870
3990
4080
4110
4140
4150
4140
4200
4350
4490
4580
4640
4680
4700
4700
4710
4720
4730
4760
4740
4780
4830
4880
4890
4900
4930
4950
5010
5100
5180
5340
5420
5360
5410
5440
5480
5500
5480
5470
5460
5460
5420
5390
5400
5400
5410
5440
5490
5550
5660
5770
5870
5980
6090
6220
6360
6530
6750
6990
7260
7490
7700
7870
8040
8110
8140
8150
8140
8100
7990
7890
7830
7740
7650
7580
7500
7410
7350
7270
7190
7090
6960
6860
6800
6710
6680
6640
6480
6590
6700
6700
6690
6660
6570
6460
6390
6340
6270
6240
6260
6320
6380
6390
6400
6340
6270
6210
6130
6040
5960
5940
5870
5820
5700
5650
5630
5560
5530
5490
5400
5280
5210
5110
4980
4900
4820
4710
4640
4570
4510
4410
4310
4220
4160
4100
3990
3940
3840
3820
3700
3610
3500
3380
3320
3240
3190
3130
3120
3120
3100
3070
2970
2870
2840
2800
2830
2750
2750
2690
2550
2480
2380
2340
2230
2180
2110
2080
2030
2000
2010
2000
1960
1910
1800
1840
1810
1720
1700
1640
1670
1560
1520
1540
1520
1530
1550
1510
1480
1410
1360
1260
1190
1220
1160
1170
1210
1190
1270
1280
1320
1310
1250
1150
1140
1140
1070
1030
952
936
948
932
913
901
897
974
912
900
828
793
740
712
668
673
689
709
713
716
716
730
712
668
626
612
586
576
566
528
496
529
498
498
511
553
532
522
498
582
558
458
415
408
441
431
554
511
557
570
607
624
590
598
590
588
552
535
538
552
581
567
524
586
580
533
604
669
644
660
557
506
485
478
474
462
445
462
509
540
518
545
541
474
500
460
472
481
532
492
549
509
539
588
646
707
786
756
769
764
698
769
784
781
860
884
920
913
962
946
882
891
801
797
756
700
707
676
650
605
678
633
666
790
873
951
901
944
1100
1300
1560
1680
1800
1900
1960
2040
2110
2130
2140
2190
2300
2280
2250
2270
2410
2790
3180
3270
3330
3710
3770
3880
3980
4110
4220
4300
4380
4450
4520
4600
4670
4770
4880
5010
5170
5310
5460
5660
5830
5940
6020
6050
6000
5920
5850
5750
5680
5660
5660
5690
5760
5820
5900
6000
6100
6200
6230
6220
6190
6150
6090
6060
6050
6040
6020
6000
5990
5960
5920
5910
5910
5890
5900
5900
5900
5930
6000
6060
6100
6130
6140
6140
6130
6120
6140
6100
6070
6050
6010
6050
6060
6090
6100
6120
6130
6160
6130
6080
6060
6070
6030
6020
6000
6010
6000
5960
5960
6100
6070
5980
5890
5800
5700
5610
5500
5370
5320
5220
5080
5020
4900
4850
4680
4580
4520
4350
4380
4320
4240
4180
4090
4020
3950
3880
3850
3760
3660
3600
3580
3520
3480
3410
3290
3190
3120
3040
2960
3220
3200
3120
3010
2920
2840
2760
2640
2560
2530
2550
2570
2510
2520
2390
2250
2180
2170
2110
2070
2100
2080
2060
2050
2100
2060
2060
2030
1940
1870
1810
1740
1690
1620
1550
1550
1550
1500
1550
1590
1620
1590
1510
1390
1320
1300
1290
1250
1210
1180
1220
1200
1200
1260
1170
1130
1180
1120
990
851
824
846
878
803
837
808
792
842
857
897
898
858
735
702
621
695
715
710
721
717
727
702
720
765
738
737
666
596
477
501
557
559
495
462
467
435
503
577
642
567
549
523
512
510
496
476
477
409
386
359
409
454
428
463
405
494
335
283
345
261
317
290
264
292
310
406
404
423
354
391
350
390
382
338
309
261
280
311
313
294
320
327
358
372
386
394
434
437
396
376
338
352
351
354
387
388
394
454
446
449
395
336
286
321
329
357
289
302
420
450
452
430
448
511
460
467
489
407
421
417
460
487
508
554
650
664
738
774
799
777
786
731
716
680
718
714
753
789
781
760
928
913
1020
1030
983
933
926
794
816
768
776
731
701
770
737
870
861
886
862
878
1030
1180
1360
1390
1570
1890
2150
2170
2240
2240
2290
2490
2460
2500
2420
2360
2300
2320
2280
2300
2330
2350
2280
2210
2240
2240
2190
2290
2410
2440
2460
2330
2290
2340
2360
2430
2510
2520
2540
2540
2620
2640
2760
2790
2910
2830
3020
3030
3050
3090
3120
3260
3350
3420
3420
3410
3380
3350
3310
3280
3220
3190
3190
3200
3240
3230
3280
3310
3380
3440
3480
3540
3600
3620
3640
3690
3720
3740
3770
3840
3900
3950
4000
4060
4100
4150
4180
4210
4230
4250
4260
4260
4270
4240
4220
4230
4250
4280
4300
4330
4320
4320
4280
4260
4220
4200
4150
4100
4070
4040
4010
3970
3940
3940
3900
3860
3810
3770
3740
3680
3630
3560
3520
3490
3470
3470
3110
2990
3030
3000
2900
3020
2900
2920
2800
2650
2710
2620
2550
2700
2670
2640
2710
2840
2990
3110
3080
3170
3120
3200
3180
3110
3020
2930
2750
2690
2700
2580
2520
2480
2300
2270
2220
2180
2110
1970
1940
1880
1910
1830
1910
1920
1890
1900
1920
1900
1800
1770
1620
1520
1480
1340
1360
1280
1280
1220
1260
1310
1270
1230
1320
1260
1120
1030
1020
946
964
979
991
956
894
918
924
932
906
944
898
780
711
677
721
675
757
666
690
688
735
805
768
835
718
608
476
446
551
514
519
463
503
522
517
496
488
582
504
469
451
447
440
401
387
392
441
446
460
454
487
437
473
400
406
304
295
379
334
236
251
218
276
305
326
358
305
282
335
410
376
366
364
306
306
274
343
365
372
406
395
402
416
426
434
429
509
355
330
268
289
313
332
402
456
497
595
598
579
610
576
576
541
584
605
595
608
668
671
742
899
1030
988
936
862
817
675
660
686
842
1110
1240
1370
1450
1480
1540
1540
1520
1520
1600
1750
1800
1780
1810
1820
1870
1960
2060
2200
2350
2460
2530
2660
2770
2930
2940
2860
2750
2720
2660
2600
2600
2670
2760
2840
2900
2900
3010
3070
3140
3140
3120
3100
3160
3130
3080
3110
3160
3140
3150
3060
3080
3100
3110
3120
3140
3140
3150
3140
3190
3210
3290
3310
3380
3350
3390
3410
3530
3540
3530
3530
3590
3750
3860
3990
4090
4210
4370
4510
4620
4720
4840
4950
5060
5160
5270
5400
5510
5580
5640
5680
5710
5670
5620
5600
5500
5440
5410
5360
5230
5260
5230
5210
5220
5200
5220
5250
5250
5260
5250
5270
5280
5270
5280
5290
5320
5360
5410
5440
5470
5490
5500
5490
5490
5500
5520
5530
5560
5600
5620
5670
5730
5820
5950
5970
6030
6010
6060
6090
6100
6180
6190
6240
6220
6240
6260
6250
6210
6190
6140
6110
6070
5970
5870
5800
5710
5610
5520
5470
5420
5400
5450
5390
5320
5250
5220
5200
5140
5110
5010
4960
4940
5020
5010
5070
5170
5250
5370
5460
5450
5380
5320
5220
5150
5090
4980
4930
4830
4750
4690
4640
4600
4560
4540
4410
4370
4280
4160
3980
3880
3860
3860
3840
3820
3820
3820
3760
3680
3600
3530
3480
3440
3460
3420
3330
3270
3250
3100
2940
2920
2830
2740
2700
2650
2630
2620
2610
2660
2660
2620
2500
2400
2350
2290
2240
2190
2130
2060
2030
2020
2020
2010
1990
1980
1940
1900
1790
1700
1620
1570
1580
1530
1470
1530
1510
1580
1630
1640
1580
1420
1410
1320
1360
1340
1230
1190
1180
1150
1070
1060
1140
1140
1130
1100
1080
969
898
923
907
932
923
920
968
971
996
920
894
918
901
712
810
862
845
817
849
786
734
701
735
726
709
733
752
686
658
684
676
654
677
630
686
651
660
682
596
613
573
553
621
591
692
668
563
512
481
462
423
444
403
474
424
533
530
561
550
523
566
536
542
629
656
688
769
781
782
816
797
744
794
763
785
729
719
737
754
753
733
767
832
877
941
952
890
891
848
899
919
973
1080
1160
1190
1240
1310
1380
1640
1950
2270
2390
2380
2340
2330
2280
2120
2140
2340
2460
2570
2610
2480
2340
2130
1960
1810
1630
1500
1460
1450
1560
1880
2290
2790
3100
3260
3320
3330
3330
3340
3390
3520
3700
3900
4040
4140
4220
4280
4330
4310
4290
4310
4320
4350
4390
4420
4480
4610
4740
4870
4980
5090
5170
5280
5400
5520
5660
5780
5900
6020
6120
6190
6240
6310
6360
6400
6440
6470
6480
6470
6460
6450
6450
6440
6420
6420
6410
6380
6380
6380
6380
6370
6360
6360
6370
6390
6400
6380
6420
6470
6490
6490
6510
6540
6560
6600
6640
6680
6720
6780
6840
6890
6950
7020
7080
7120
7160
7200
7290
7360
7420
7460
7510
7560
7580
7620
7650
7660
7680
7640
7510
7470
7390
7300
7180
7060
6950
6840
6710
6590
6460
6350
6250
6150
6030
5940
5880
5810
5830
5800
5840
5860
5880
5900
5920
5960
5940
5920
5890
5860
5800
5760
5700
5630
5560
5510
5440
5380
5390
5330
5220
5110
4990
4870
4770
4670
4570
4480
4400
4320
4270
4220
4160
4110
4030
3960
3880
3800
3770
3700
3620
3560
3490
3430
3380
3300
3220
3150
3060
2990
2900
2810
2730
2660
2580
2530
2520
2500
2460
2470
2960
3210
3160
3090
3030
3030
2940
2930
2960
2860
2800
2730
2640
2630
2580
2570
2530
2600
2520
2500
2440
2500
2420
2320
2330
2240
2120
2130
2080
1990
1960
1900
1720
1770
1820
1810
1730
1600
1600
1580
1540
1510
1450
1420
1360
1390
1340
1300
1330
1330
1370
1310
1260
1180
1120
1120
998
970
925
949
990
1010
1020
1050
1040
1090
998
877
885
905
843
828
863
822
772
782
744
718
731
750
799
777
512
673
668
611
570
572
611
567
627
699
629
704
751
606
681
741
716
676
628
640
642
584
585
608
576
604
627
630
667
625
729
690
656
595
574
567
579
586
568
524
523
480
494
538
562
555
490
439
428
406
405
388
370
417
424
456
466
477
520
502
402
392
420
424
452
477
478
432
446
505
466
468
500
551
635
715
647
670
721
740
713
696
643
678
770
884
926
1020
1050
1080
1120
1180
1260
1350
1440
1520
1490
1610
1720
1870
1950
2010
2060
2140
2170
2210
2270
2300
2200
2140
2110
2180
2290
2620
3000
3050
3040
3050
3080
3200
3270
3330
3330
3480
3400
3280
3510
3850
4060
4140
4180
4170
4160
4130
4110
4090
4100
4130
4160
4230
4330
4430
4490
4540
4570
4580
4600
4610
4610
4660
4660
4680
4720
4800
4820
4850
4870
4890
4900
4940
5010
5080
5160
5240
5320
5410
5530
5660
5790
5930
6090
6260
6410
6550
6650
6720
6780
6830
6890
6960
7000
7040
7070
7090
7110
7100
7080
7060
7040
7020
7000
6970
6960
6960
6970
7010
7050
7080
7120
7040
6970
6990
7000
6990
6960
6940
6900
6870
6840
6810
6780
6770
6740
6740
6730
6700
6650
6590
6570
6510
6480
6460
6400
6370
6320
6280
6250
6230
6180
6130
6100
6010
5950
5890
5860
5810
5790
5750
5740
5700
5650
5600
5560
5500
5470
5440
5380
5360
5310
5280
5240
5200
5160
5120
5100
5100
5060
5040
5000
4960
4900
4820
4740
4660
4590
4520
4450
4380
4300
4230
4180
4130
4080
4040
3960
3900
3830
3750
3630
3500
3410
3350
3310
3310
3300
3290
3250
3170
3120
3040
2920
2800
2440
2380
2300
2250
2200
2160
2170
2090
2070
1980
2020
1990
1990
1950
1930
1920
1960
1900
1880
1770
1740
1620
1570
1570
1620
1600
1600
1580
1570
1560
1550
1490
1470
1480
1380
1310
1250
1190
1150
1090
1180
1200
1240
1240
1220
1280
1220
1150
1110
1120
1070
909
798
1040
1030
997
881
884
934
884
940
876
782
733
796
778
744
704
548
526
585
552
672
729
700
517
559
644
681
691
620
584
558
562
552
496
480
506
435
447
479
445
522
518
444
419
327
392
391
470
414
445
440
449
449
432
500
486
410
378
372
240
315
300
344
355
367
353
284
364
374
448
418
362
342
309
325
336
327
369
373
406
402
463
458
493
502
408
381
346
354
330
321
381
388
390
386
433
473
505
557
510
474
462
512
563
656
661
752
919
1040
1160
1190
1210
1220
1220
1200
1190
1190
1130
1160
1260
1330
1430
1460
1540
1740
1920
2040
2050
2080
2050
2000
2000
2110
2300
2460
2470
2470
2440
2420
2470
2520
2500
2470
2440
2510
2790
3100
3280
3550
3750
3940
4090
4210
4310
4360
4390
4430
4420
4410
4420
4450
4450
4480
4480
4460
4450
4470
4470
4470
4530
4580
4620
4630
4670
4730
4820
4890
4960
5000
5070
5150
5210
5290
5350
5420
5480
5560
5630
5730
5840
5930
6020
6100
6190
6300
6440
6560
6700
6800
6860
6830
6660
6740
6710
6660
6610
6560
6550
6540
6490
6460
6450
6450
6460
6460
6470
6480
6480
6490
6500
6510
6530
6570
6610
6650
6680
6700
6740
6760
6780
6760
6760
6770
6720
6680
6630
6600
6560
6490
6460
6380
6310
6240
6190
6140
6070
6000
5930
5870
5820
5770
5720
5660
5620
5600
5570
5510
5440
5360
5280
5240
5160
5100
5060
5000
4950
4880
4820
4750
4690
4640
4570
4510
4440
4380
4320
4240
4180
4160
4150
4120
4100
4080
4060
4010
3960
3900
3820
3740
3650
3570
3560
3530
3520
3500
3480
3340
3140
3090
3080
3040
3010
3020
2970
2980
2890
2910
2900
2840
2670
2600
2550
2500
2470
2420
2360
2420
2400
2320
2260
2210
2070
2030
1960
1860
1920
1890
1860
1840
1840
1820
1870
1900
1730
1650
1670
1510
1420
1480
1440
1390
1380
1420
1480
1510
1500
1500
1490
1480
1430
1270
1170
1190
1170
1100
1110
1090
1110
1110
1120
1090
1100
1060
1040
986
872
817
840
841
846
775
730
801
768
801
780
881
876
699
634
688
724
726
738
682
647
656
642
586
507
526
585
517
408
474
585
608
598
538
459
436
447
465
453
504
529
422
467
520
539
547
469
466
512
515
469
442
441
404
420
455
304
341
380
505
461
399
389
346
376
351
326
380
388
350
380
473
473
440
399
339
360
371
352
382
382
431
415
429
412
367
404
406
470
473
411
403
358
364
427
398
422
454
478
538
583
650
657
612
534
574
566
657
625
810
883
933
1020
1250
1480
1500
1500
1380
1300
1210
1070
906
948
890
819
828
841
860
906
934
925
1030
1190
1290
1340
1320
1340
1340
1440
1480
1480
1450
1500
1620
1700
1710
1730
1640
1660
1590
1560
1510
1460
1480
1570
1690
1780
1820
1800
1860
1870
1840
1760
1810
1900
2140
2360
2600
2660
2740
2740
2730
2690
2640
2750
2840
2880
2920
2920
2910
2880
2860
2840
2880
2940
3040
3010
3020
3070
3150
3260
3180
3160
3220
3320
3580
3640
3640
3670
3780
3680
4240
4360
4290
4250
4240
4270
4300
4350
4410
4500
4610
4710
4790
4880
4980
5070
5160
5260
5340
5420
5500
5580
5640
5680
5710
5730
5720
5710
5700
5700
5620
5540
5520
5500
5490
5460
5440
5420
5400
5380
5350
5300
5260
5210
5170
5140
5100
5060
5010
4960
4920
4890
4850
4810
4780
4720
4650
4550
4460
4330
4190
4110
3970
3840
3720
3590
3460
3370
3300
3240
3160
3120
3080
3020
2930
2880
2820
2720
2680
2640
2690
2600
2500
2420
2370
2350
2330
2290
2190
2150
2060
2030
2030
2090
2030
2010
1950
1900
1790
1780
1760
1700
1630
1670
1690
1670
1600
1500
1530
1440
1320
1240
1320
1170
1180
1180
1210
1200
1260
1340
1370
1250
1150
1080
995
959
1050
944
973
915
813
854
787
846
863
866
910
940
684
591
692
661
659
586
580
691
585
605
684
732
650
670
481
523
576
575
517
510
488
432
409
508
543
491
545
610
457
333
307
394
436
416
470
470
472
454
441
453
491
411
367
272
282
399
422
373
284
316
292
315
313
329
320
375
369
260
182
257
405
353
264
286
322
297
271
290
360
325
269
145
183
293
271
378
314
231
193
197
267
293
248
263
229
262
243
294
394
393
313
229
245
256
264
254
277
299
301
289
239
250
325
351
420
420
324
285
270
257
267
311
435
369
395
546
527
484
461
403
409
402
413
423
428
499
457
463
516
506
500
548
595
562
592
586
609
506
670
816
882
979
1200
1250
1220
1100
1080
1220
1260
1330
1510
1760
1780
1790
1740
1710
1700
1790
1920
2080
2180
2180
2180
2140
2000
1950
1840
1790
1740
1720
1680
1740
1750
1820
1730
1840
1890
1910
1900
1860
1880
1830
1810
1830
1840
1900
1950
2060
2150
2350
2490
2620
2670
2820
3210
3530
3550
3730
3820
3860
3900
3920
3930
3910
3920
3920
3940
4000
4090
4190
4290
4380
4480
4580
4660
4730
4810
4880
4970
5050
5130
5200
5270
5340
5420
5480
5540
5590
5640
5680
5720
5740
5760
5770
5790
5810
5820
5840
5870
5910
5950
5970
6000
6020
6050
6070
6120
6160
6210
6230
6280
6310
6380
6430
6450
6490
6480
6400
6240
6220
6160
6130
6130
6080
6000
5910
5820
5760
5660
5650
5600
5530
5450
5370
5310
5220
5110
5000
4900
4810
4720
4630
4560
4480
4400
4340
4260
4180
4100
4020
3940
3850
3750
3630
3490
3360
3220
3100
3100
3040
2910
2850
2840
2720
2660
2650
2640
2490
2370
2370
2360
2310
2230
2070
2110
2180
2140
2170
2130
2090
2130
2110
2170
1980
1930
1960
1840
1700
1680
1590
1590
1590
1450
1610
1560
1620
1590
1530
1480
1430
1320
1300
1290
1240
1220
1180
1080
1090
1090
1090
1060
1100
1110
1090
1020
898
751
749
750
772
788
821
729
714
808
862
860
893
755
638
598
713
678
659
631
618
668
644
597
564
617
521
646
584
468
297
364
436
497
441
563
462
560
452
487
523
513
356
283
393
363
361
361
436
462
400
400
350
343
315
342
283
221
345
246
303
434
409
303
409
336
332
248
331
393
308
193
252
308
414
376
319
277
220
294
370
379
306
290
297
293
223
229
285
391
426
350
323
325
333
327
320
300
231
215
285
361
373
384
354
293
322
289
318
315
308
305
316
298
272
314
402
373
313
298
297
268
277
301
308
425
353
333
371
262
353
367
373
357
198
243
223
247
255
348
315
341
436
531
560
574
527
498
413
443
430
385
387
396
349
390
374
408
515
526
555
484
503
461
542
553
629
688
757
831
919
1090
1190
1200
1110
1160
133
156
179
199
217
227
234
239
247
251
247
250
244
240
233
225
218
213
208
203
192
175
172
177
178
188
207
253
322
360
382
3990
4030
4090
4140
4200
4270
4360
4430
4510
4590
4670
4770
4900
5010
5120
5240
5370
5510
5630
5740
5860
5980
6080
6170
6250
6280
6290
6290
6290
6290
6290
6290
6290
6290
6290
6290
6290
6290
6290
6290
6290
6290
6280
6280
6280
6270
6280
6300
6380
6480
6500
6440
6450
6500
6540
6550
6520
6430
6490
6520
6510
6530
6530
6550
6540
6450
6490
6490
6530
6540
6520
6360
6210
6160
6150
6150
6130
6100
6060
6010
5960
5890
5800
5750
5670
5570
5470
5360
5260
5150
5040
4950
4850
4760
4680
4610
4570
4500
4420
4340
4250
4180
4120
4080
4050
4040
4020
4000
3980
3910
3780
3700
3510
3480
3360
3330
3300
3350
3400
3280
3210
3100
2950
2830
2910
2720
2780
2760
2700
2560
2580
2500
2440
2390
2330
2300
2130
2090
2040
2080
2130
2140
2110
2140
2120
2090
2130
2120
2030
1860
1800
1710
1490
1520
1510
1530
1550
1560
1610
1640
1560
1450
1420
1350
1310
1240
1280
1240
1240
1270
1330
1280
1310
1270
1130
1090
1030
939
910
875
856
757
852
855
827
820
878
983
861
857
632
596
632
748
712
641
606
709
711
768
664
662
621
649
599
527
426
464
534
544
568
561
535
427
426
510
570
607
441
318
393
461
510
490
363
421
420
372
389
355
363
322
337
408
235
383
458
428
345
362
367
414
383
370
417
386
401
278
308
419
485
485
464
402
397
378
375
353
344
295
328
316
332
399
507
468
431
335
322
312
314
280
329
340
356
316
295
328
417
465
485
427
358
344
352
361
364
393
360
338
386
379
421
560
497
549
482
356
350
415
433
499
477
475
549
669
738
798
796
853
868
942
864
839
834
813
805
780
750
794
809
879
867
809
780
764
651
638
704
687
779
855
807
885
957
1120
1140
1110
1170
1520
2050
2430
2640
2580
2420
2390
2290
2380
2400
2410
2360
2440
2480
2580
2650
2730
2700
2700
2790
3040
3280
3350
3570
3580
3600
3680
3780
4040
4110
4120
4160
4230
4350
4420
4470
4510
4570
4620
4700
4790
4940
5020
5120
5200
5300
5400
5490
5530
5560
5570
5590
5610
5640
5680
5710
5770
5810
5850
5890
5910
5940
5960
5970
5950
5950
5900
5840
5810
5790
5770
5730
5680
5630
5570
5530
5500
5500
5540
5580
5620
5650
5630
5580
5510
5480
5490
5500
5520
5560
5600
5650
5720
5800
5910
5950
6030
6140
6190
6290
6340
6380
6430
6430
6450
6410
6380
6330
6300
6260
6220
6170
6130
6050
5960
5830
5730
5630
5500
5400
5300
5210
5140
5050
4960
4880
4800
4700
4610
4490
4490
4390
4250
4180
4220
4110
3970
3880
3810
3700
3550
3480
3430
3340
3300
3260
3190
3110
3010
2950
2800
2660
2650
2440
2270
2370
2410
2380
2460
2340
2400
2370
2270
2240
2140
2140
2010
1910
1830
1750
1680
1570
1640
1650
1710
1820
1710
1730
1690
1630
1450
1460
1340
1380
1290
1340
1370
1160
1350
1400
1330
1300
1180
984
923
1040
1070
944
1070
925
891
903
922
965
911
1010
970
685
626
725
734
806
758
658
739
694
710
747
709
821
742
658
533
587
564
604
598
455
531
574
501
549
530
575
517
463
341
339
408
508
476
420
412
371
472
417
439
502
372
349
250
364
359