0	0	1720	1750	1720
0	0	1720	1720	1750
0	0	1740	1720	1720
0	0	1710	1740	1720
0	0	1640	1710	1740
0	0	1600	1640	1710
0	0	1610	1600	1640
0	0	1580	1610	1600
0	0	1550	1580	1610
0	0	1560	1550	1580
0	0	1600	1560	1550
0	0	1530	1600	1560
0	0	1540	1530	1600
0	0	1470	1540	1530
0	0	1400	1470	1540
0	0	1350	1400	1470
0	0	1290	1350	1400
0	0	1250	1290	1350
0	0	1260	1250	1290
0	0	1230	1260	1250
0.1	0	1210	1230	1260
0	0.1	1260	1210	1230
0	0	1260	1260	1210
0	0	1340	1260	1260
0	0	1260	1340	1260
0	0	1280	1260	1340
0	0	1270	1280	1260
0	0	1150	1270	1280
0	0	1150	1150	1270
0	0	1050	1150	1150
0	0	1050	1050	1150
0	0	1040	1050	1050
0	0	1010	1040	1050
0	0	938	1010	1040
0	0	987	938	1010
0	0	948	987	938
0	0	978	948	987
0	0	960	978	948
0	0	918	960	978
0	0	1040	918	960
0	0	914	1040	918
0	0	968	914	1040
0	0	825	968	914
0	0	769	825	968
0	0	776	769	825
0	0	681	776	769
0	0	714	681	776
0	0	606	714	681
0	0	690	606	714
0	0	750	690	606
0	0	746	750	690
0	0	745	746	750
0	0	765	745	746
0	0	763	765	745
0	0	838	763	765
0	0	755	838	763
0	0	678	755	838
0	0	618	678	755
0	0	633	618	678
0	0	626	633	618
0	0	604	626	633
0	0	626	604	626
0	0	564	626	604
0	0	494	564	626
0	0	540	494	564
0	0	549	540	494
0	0	576	549	540
0	0	596	576	549
0	0	603	596	576
0	0	582	603	596
0	0	554	582	603
0	0	530	554	582
0	0	580	530	554
0	0	485	580	530
0	0	434	485	580
0	0	444	434	485
0	0	437	444	434
0	0	440	437	444
0	0	426	440	437
0	0	483	426	440
0	0	480	483	426
0	0	412	480	483
0	0	459	412	480
0	0	415	459	412
0	0	415	415	459
0	0	459	415	415
0	0	494	459	415
0	0	476	494	459
0	0	417	476	494
0	0	438	417	476
0	0	420	438	417
0	0	355	420	438
0	0	282	355	420
16.7	0	280	282	355
1.4	16.7	327	280	282
0	1.4	384	327	280
0	0	416	384	327
0	0	477	416	384
0	0	478	477	416
0	0	487	478	477
0.5	0	461	487	478
0.1	0.5	400	461	487
0	0.1	391	400	461
0	0	381	391	400
8.5	0	419	381	391
0	8.5	389	419	381
0	0	398	389	419
8.1	0	493	398	389
0	8.1	511	493	398
18.4	0	487	511	493
0	18.4	416	487	511
0	0	519	416	487
0	0	475	519	416
0	0	517	475	519
0	0	487	517	475
0	0	472	487	517
11.9	0	608	472	487
1.5	11.9	560	608	472
37.1	1.5	486	560	608
0	37.1	413	486	560
9.1	0	366	413	486
3	9.1	302	366	413
0	3	352	302	366
0.6	0	397	352	302
0	0.6	311	397	352
18.3	0	470	311	397
0	18.3	527	470	311
19.3	0	516	527	470
0.2	19.3	541	516	527
0.2	0.2	597	541	516
0	0.2	550	597	541
0	0	544	550	597
23	0	615	544	550
4.6	23	647	615	544
7	4.6	737	647	615
9.8	7	803	737	647
4.2	9.8	904	803	737
11.5	4.2	1120	904	803
10.8	11.5	1210	1120	904
12.3	10.8	1160	1210	1120
9.8	12.3	1200	1160	1210
0	9.8	1240	1200	1160
0	0	1180	1240	1200
0	0	1100	1180	1240
0	0	1040	1100	1180
0	0	989	1040	1100
0	0	915	989	1040
0	0	824	915	989
0	0	848	824	915
0	0	852	848	824
21	0	820	852	848
6	21	1020	820	852
5.4	6	875	1020	820
0	5.4	977	875	1020
0	0	976	977	875
5.7	0	1010	976	977
15.7	5.7	995	1010	976
1.5	15.7	1180	995	1010
1.4	1.5	1100	1180	995
8.4	1.4	1020	1100	1180
3	8.4	1040	1020	1100
4.7	3	1000	1040	1020
0.2	4.7	913	1000	1040
0	0.2	984	913	1000
30.5	0	948	984	913
0.1	30.5	969	948	984
1.3	0.1	1090	969	948
0	1.3	1120	1090	969
0	0	1110	1120	1090
9.5	0	1120	1110	1120
0	9.5	1210	1120	1110
2.6	0	1350	1210	1120
0	2.6	1380	1350	1210
6.4	0	1520	1380	1350
0	6.4	1540	1520	1380
0	0	1620	1540	1520
0	0	1570	1620	1540
0	0	1550	1570	1620
0	0	1620	1550	1570
0	0	1580	1620	1550
0	0	1580	1580	1620
0	0	1600	1580	1580
0.5	0	1650	1600	1580
0	0.5	1590	1650	1600
3.1	0	1640	1590	1650
5.4	3.1	1550	1640	1590
1.3	5.4	1540	1550	1640
0.1	1.3	1490	1540	1550
10.4	0.1	1500	1490	1540
13.4	10.4	1540	1500	1490
64.1	13.4	1600	1540	1500
2.9	64.1	1580	1600	1540
0	2.9	1530	1580	1600
1.3	0	1550	1530	1580
4.5	1.3	1540	1550	1530
9.6	4.5	1570	1540	1550
3.6	9.6	1570	1570	1540
23.4	3.6	1630	1570	1570
11.6	23.4	1720	1630	1570
0.7	11.6	1810	1720	1630
8.3	0.7	1970	1810	1720
21	8.3	2050	1970	1810
18.5	21	2230	2050	1970
3.3	18.5	2410	2230	2050
15.1	3.3	2790	2410	2230
0	15.1	3160	2790	2410
9.1	0	3340	3160	2790
14.5	9.1	3500	3340	3160
10.6	14.5	3680	3500	3340
0.2	10.6	3870	3680	3500
0	0.2	3990	3870	3680
0	0	4080	3990	3870
0.3	0	4110	4080	3990
3.9	0.3	4140	4110	4080
0	3.9	4150	4140	4110
11.8	0	4140	4150	4140
0	11.8	4200	4140	4150
0	0	4350	4200	4140
0	0	4490	4350	4200
7	0	4580	4490	4350
0	7	4640	4580	4490
0.3	0	4680	4640	4580
4.7	0.3	4700	4680	4640
0	4.7	4700	4700	4680
0	0	4710	4700	4700
0	0	4720	4710	4700
0	0	4730	4720	4710
0.3	0	4760	4730	4720
15.4	0.3	4740	4760	4730
2.1	15.4	4780	4740	4760
2	2.1	4830	4780	4740
2.9	2	4880	4830	4780
1.1	2.9	4890	4880	4830
1	1.1	4900	4890	4880
1.1	1	4930	4900	4890
22.2	1.1	4950	4930	4900
0	22.2	5010	4950	4930
1.4	0	5100	5010	4950
9.8	1.4	5180	5100	5010
0.1	9.8	5340	5180	5100
0	0.1	5420	5340	5180
1.6	0	5360	5420	5340
0	1.6	5410	5360	5420
31	0	5440	5410	5360
4.6	31	5480	5440	5410
1.4	4.6	5500	5480	5440
7.8	1.4	5480	5500	5480
33.8	7.8	5470	5480	5500
46.8	33.8	5460	5470	5480
0	46.8	5460	5460	5470
0.9	0	5420	5460	5460
1.6	0.9	5390	5420	5460
2.6	1.6	5400	5390	5420
27.2	2.6	5400	5400	5390
31.2	27.2	5410	5400	5400
0.6	31.2	5440	5410	5400
0	0.6	5490	5440	5410
1.3	0	5550	5490	5440
1.7	1.3	5660	5550	5490
0.2	1.7	5770	5660	5550
0	0.2	5870	5770	5660
0	0	5980	5870	5770
0	0	6090	5980	5870
0	0	6220	6090	5980
0	0	6360	6220	6090
0.8	0	6530	6360	6220
4.3	0.8	6750	6530	6360
18.3	4.3	6990	6750	6530
0	18.3	7260	6990	6750
7	0	7490	7260	6990
17.7	7	7700	7490	7260
11.3	17.7	7870	7700	7490
0	11.3	8040	7870	7700
0	0	8110	8040	7870
0	0	8140	8110	8040
0.1	0	8150	8140	8110
0.1	0.1	8140	8150	8140
1.5	0.1	8100	8140	8150
0	1.5	7990	8100	8140
12.6	0	7890	7990	8100
7.5	12.6	7830	7890	7990
5.6	7.5	7740	7830	7890
1.4	5.6	7650	7740	7830
0.1	1.4	7580	7650	7740
33.1	0.1	7500	7580	7650
0.2	33.1	7410	7500	7580
63	0.2	7350	7410	7500
0	63	7270	7350	7410
21.4	0	7190	7270	7350
0	21.4	7090	7190	7270
1	0	6960	7090	7190
0	1	6860	6960	7090
0.3	0	6800	6860	6960
7.6	0.3	6710	6800	6860
6.9	7.6	6680	6710	6800
1.8	6.9	6640	6680	6710
17.1	1.8	6480	6640	6680
0	17.1	6590	6480	6640
1	0	6700	6590	6480
15.5	1	6700	6700	6590
34.2	15.5	6690	6700	6700
11.5	34.2	6660	6690	6700
0.8	11.5	6570	6660	6690
5.1	0.8	6460	6570	6660
11.8	5.1	6390	6460	6570
2.8	11.8	6340	6390	6460
0	2.8	6270	6340	6390
3.8	0	6240	6270	6340
0	3.8	6260	6240	6270
10	0	6320	6260	6240
0	10	6380	6320	6260
0	0	6390	6380	6320
0	0	6400	6390	6380
0	0	6340	6400	6390
85.8	0	6270	6340	6400
0	85.8	6210	6270	6340
0	0	6130	6210	6270
1.9	0	6040	6130	6210
40.4	1.9	5960	6040	6130
19.3	40.4	5940	5960	6040
18.2	19.3	5870	5940	5960
45.9	18.2	5820	5870	5940
6.1	45.9	5700	5820	5870
0.3	6.1	5650	5700	5820
33.2	0.3	5630	5650	5700
7.9	33.2	5560	5630	5650
294.5	7.9	5530	5560	5630
0	294.5	5490	5530	5560
0	0	5400	5490	5530
0	0	5280	5400	5490
34.8	0	5210	5280	5400
26.7	34.8	5110	5210	5280
31	26.7	4980	5110	5210
2.6	31	4900	4980	5110
0.2	2.6	4820	4900	4980
0.8	0.2	4710	4820	4900
4	0.8	4640	4710	4820
4.6	4	4570	4640	4710
0.3	4.6	4510	4570	4640
0	0.3	4410	4510	4570
0	0	4310	4410	4510
0	0	4220	4310	4410
0	0	4160	4220	4310
0	0	4100	4160	4220
0	0	3990	4100	4160
0	0	3940	3990	4100
0	0	3840	3940	3990
0	0	3820	3840	3940
0	0	3700	3820	3840
0	0	3610	3700	3820
2.6	0	3500	3610	3700
1.6	2.6	3380	3500	3610
0.8	1.6	3320	3380	3500
0	0.8	3240	3320	3380
0	0	3190	3240	3320
0	0	3130	3190	3240
0	0	3120	3130	3190
0	0	3120	3120	3130
0	0	3100	3120	3120
0	0	3070	3100	3120
0	0	2970	3070	3100
0	0	2870	2970	3070
0.8	0	2840	2870	2970
0	0.8	2800	2840	2870
0	0	2830	2800	2840
0	0	2750	2830	2800
0	0	2750	2750	2830
0	0	2690	2750	2750
0	0	2550	2690	2750
0	0	2480	2550	2690
0	0	2380	2480	2550
0	0	2340	2380	2480
0	0	2230	2340	2380
0	0	2180	2230	2340
0	0	2110	2180	2230
0	0	2080	2110	2180
0	0	2030	2080	2110
0	0	2000	2030	2080
0	0	2010	2000	2030
0	0	2000	2010	2000
0	0	1960	2000	2010
0	0	1910	1960	2000
0	0	1800	1910	1960
0	0	1840	1800	1910
0	0	1810	1840	1800
0	0	1720	1810	1840
0.1	0	1700	1720	1810
0	0.1	1640	1700	1720
0	0	1670	1640	1700
0	0	1560	1670	1640
0	0	1520	1560	1670
0	0	1540	1520	1560
0	0	1520	1540	1520
0	0	1530	1520	1540
0	0	1550	1530	1520
0	0	1510	1550	1530
0	0	1480	1510	1550
0	0	1410	1480	1510
0	0	1360	1410	1480
0	0	1260	1360	1410
0	0	1190	1260	1360
0	0	1220	1190	1260
0	0	1160	1220	1190
0	0	1170	1160	1220
0.5	0	1210	1170	1160
0.3	0.5	1190	1210	1170
1.2	0.3	1270	1190	1210
0.2	1.2	1280	1270	1190
0	0.2	1320	1280	1270
0.4	0	1310	1320	1280
0	0.4	1250	1310	1320
0	0	1150	1250	1310
0	0	1140	1150	1250
0	0	1140	1140	1150
0	0	1070	1140	1140
0	0	1030	1070	1140
0	0	952	1030	1070
0	0	936	952	1030
0	0	948	936	952
0	0	932	948	936
0	0	913	932	948
0	0	901	913	932
0	0	897	901	913
0	0	974	897	901
0	0	912	974	897
0	0	900	912	974
0	0	828	900	912
0	0	793	828	900
0	0	740	793	828
0	0	712	740	793
0	0	668	712	740
0	0	673	668	712
0	0	689	673	668
0	0	709	689	673
0	0	713	709	689
0	0	716	713	709
0	0	716	716	713
0	0	730	716	716
0	0	712	730	716
0	0	668	712	730
0	0	626	668	712
0	0	612	626	668
0	0	586	612	626
0	0	576	586	612
0	0	566	576	586
0	0	528	566	576
0	0	496	528	566
0	0	529	496	528
0	0	498	529	496
0	0	498	498	529
0	0	511	498	498
0	0	553	511	498
0	0	532	553	511
0	0	522	532	553
0	0	498	522	532
0	0	582	498	522
0	0	558	582	498
0	0	458	558	582
0	0	415	458	558
0	0	408	415	458
0	0	441	408	415
0	0	431	441	408
0	0	554	431	441
0	0	511	554	431
0	0	557	511	554
0	0	570	557	511
0	0	607	570	557
0	0	624	607	570
0	0	590	624	607
0	0	598	590	624
0	0	590	598	590
0	0	588	590	598
0	0	552	588	590
0	0	535	552	588
0	0	538	535	552
17.7	0	552	538	535
0	17.7	581	552	538
14.9	0	567	581	552
0.2	14.9	524	567	581
0	0.2	586	524	567
2.4	0	580	586	524
11.4	2.4	533	580	586
0.2	11.4	604	533	580
0	0.2	669	604	533
0	0	644	669	604
0	0	660	644	669
0	0	557	660	644
0	0	506	557	660
13.7	0	485	506	557
0	13.7	478	485	506
0	0	474	478	485
0	0	462	474	478
0	0	445	462	474
0	0	462	445	462
0	0	509	462	445
0	0	540	509	462
0	0	518	540	509
1.3	0	545	518	540
35.2	1.3	541	545	518
0	35.2	474	541	545
7.7	0	500	474	541
4.6	7.7	460	500	474
0	4.6	472	460	500
0	0	481	472	460
4.8	0	532	481	472
12.8	4.8	492	532	481
0	12.8	549	492	532
0.1	0	509	549	492
0	0.1	539	509	549
0	0	588	539	509
0	0	646	588	539
0	0	707	646	588
1.7	0	786	707	646
4.6	1.7	756	786	707
5.2	4.6	769	756	786
0	5.2	764	769	756
0	0	698	764	769
0.1	0	769	698	764
3.6	0.1	784	769	698
0.5	3.6	781	784	769
5.6	0.5	860	781	784
11.5	5.6	884	860	781
0	11.5	920	884	860
0	0	913	920	884
0	0	962	913	920
0	0	946	962	913
0	0	882	946	962
0	0	891	882	946
0	0	801	891	882
0	0	797	801	891
0.4	0	756	797	801
0	0.4	700	756	797
0	0	707	700	756
0	0	676	707	700
1.7	0	650	676	707
7.7	1.7	605	650	676
0	7.7	678	605	650
0	0	633	678	605
0	0	666	633	678
0	0	790	666	633
0.9	0	873	790	666
2.2	0.9	951	873	790
0.1	2.2	901	951	873
3.7	0.1	944	901	951
6.9	3.7	1100	944	901
37.9	6.9	1300	1100	944
1.8	37.9	1560	1300	1100
27	1.8	1680	1560	1300
2.9	27	1800	1680	1560
0.4	2.9	1900	1800	1680
12	0.4	1960	1900	1800
0	12	2040	1960	1900
0.4	0	2110	2040	1960
1.4	0.4	2130	2110	2040
1.9	1.4	2140	2130	2110
1.2	1.9	2190	2140	2130
15.6	1.2	2300	2190	2140
23.8	15.6	2280	2300	2190
11	23.8	2250	2280	2300
16.2	11	2270	2250	2280
28.1	16.2	2410	2270	2250
0	28.1	2790	2410	2270
3.8	0	3180	2790	2410
0	3.8	3270	3180	2790
0	0	3330	3270	3180
2.5	0	3710	3330	3270
5.6	2.5	3770	3710	3330
0	5.6	3880	3770	3710
0	0	3980	3880	3770
0.5	0	4110	3980	3880
0	0.5	4220	4110	3980
0	0	4300	4220	4110
6	0	4380	4300	4220
0.2	6	4450	4380	4300
4.3	0.2	4520	4450	4380
3.7	4.3	4600	4520	4450
4.9	3.7	4670	4600	4520
27	4.9	4770	4670	4600
9.7	27	4880	4770	4670
0.1	9.7	5010	4880	4770
2.4	0.1	5170	5010	4880
0.6	2.4	5310	5170	5010
0	0.6	5460	5310	5170
0	0	5660	5460	5310
0	0	5830	5660	5460
0	0	5940	5830	5660
0	0	6020	5940	5830
0	0	6050	6020	5940
0	0	6000	6050	6020
0	0	5920	6000	6050
0	0	5850	5920	6000
0	0	5750	5850	5920
0.3	0	5680	5750	5850
0	0.3	5660	5680	5750
0	0	5660	5660	5680
8.7	0	5690	5660	5660
0.8	8.7	5760	5690	5660
7.9	0.8	5820	5760	5690
21.6	7.9	5900	5820	5760
13.3	21.6	6000	5900	5820
15.2	13.3	6100	6000	5900
0	15.2	6200	6100	6000
4	0	6230	6200	6100
0.8	4	6220	6230	6200
0	0.8	6190	6220	6230
5.2	0	6150	6190	6220
0	5.2	6090	6150	6190
0	0	6060	6090	6150
0	0	6050	6060	6090
0	0	6040	6050	6060
0	0	6020	6040	6050
0	0	6000	6020	6040
0	0	5990	6000	6020
0	0	5960	5990	6000
0	0	5920	5960	5990
34.6	0	5910	5920	5960
3.4	34.6	5910	5910	5920
0	3.4	5890	5910	5910
0	0	5900	5890	5910
0	0	5900	5900	5890
24.9	0	5900	5900	5900
10.9	24.9	5930	5900	5900
4.8	10.9	6000	5930	5900
16.4	4.8	6060	6000	5930
0	16.4	6100	6060	6000
0.5	0	6130	6100	6060
2.9	0.5	6140	6130	6100
9.4	2.9	6140	6140	6130
19.8	9.4	6130	6140	6140
11	19.8	6120	6130	6140
0	11	6140	6120	6130
0	0	6100	6140	6120
0.6	0	6070	6100	6140
0	0.6	6050	6070	6100
0	0	6010	6050	6070
0	0	6050	6010	6050
0	0	6060	6050	6010
0	0	6090	6060	6050
0.7	0	6100	6090	6060
4.1	0.7	6120	6100	6090
70.8	4.1	6130	6120	6100
0	70.8	6160	6130	6120
6.2	0	6130	6160	6130
76.2	6.2	6080	6130	6160
8.5	76.2	6060	6080	6130
7.6	8.5	6070	6060	6080
0	7.6	6030	6070	6060
0	0	6020	6030	6070
8.2	0	6000	6020	6030
0	8.2	6010	6000	6020
0	0	6000	6010	6000
1.7	0	5960	6000	6010
33.7	1.7	5960	5960	6000
0	33.7	6100	5960	5960
16.7	0	6070	6100	5960
0.1	16.7	5980	6070	6100
1.8	0.1	5890	5980	6070
0	1.8	5800	5890	5980
0	0	5700	5800	5890
46.7	0	5610	5700	5800
0	46.7	5500	5610	5700
0	0	5370	5500	5610
0	0	5320	5370	5500
36.1	0	5220	5320	5370
14.2	36.1	5080	5220	5320
19.3	14.2	5020	5080	5220
0.3	19.3	4900	5020	5080
0	0.3	4850	4900	5020
7.1	0	4680	4850	4900
6	7.1	4580	4680	4850
0	6	4520	4580	4680
10.3	0	4350	4520	4580
0	10.3	4380	4350	4520
0	0	4320	4380	4350
0	0	4240	4320	4380
0	0	4180	4240	4320
1.1	0	4090	4180	4240
0.1	1.1	4020	4090	4180
9.3	0.1	3950	4020	4090
0.2	9.3	3880	3950	4020
5.7	0.2	3850	3880	3950
0	5.7	3760	3850	3880
0	0	3660	3760	3850
0	0	3600	3660	3760
0	0	3580	3600	3660
0.4	0	3520	3580	3600
4.3	0.4	3480	3520	3580
0	4.3	3410	3480	3520
6.2	0	3290	3410	3480
0	6.2	3190	3290	3410
0	0	3120	3190	3290
8.6	0	3040	3120	3190
0.1	8.6	2960	3040	3120
0	0.1	3220	2960	3040
0	0	3200	3220	2960
4.6	0	3120	3200	3220
0	4.6	3010	3120	3200
2	0	2920	3010	3120
0	2	2840	2920	3010
0	0	2760	2840	2920
0	0	2640	2760	2840
0.9	0	2560	2640	2760
10.3	0.9	2530	2560	2640
0	10.3	2550	2530	2560
1.3	0	2570	2550	2530
5	1.3	2510	2570	2550
0	5	2520	2510	2570
0	0	2390	2520	2510
0	0	2250	2390	2520
0	0	2180	2250	2390
0	0	2170	2180	2250
0	0	2110	2170	2180
0	0	2070	2110	2170
0	0	2100	2070	2110
0	0	2080	2100	2070
0	0	2060	2080	2100
0	0	2050	2060	2080
0	0	2100	2050	2060
0	0	2060	2100	2050
0	0	2060	2060	2100
0	0	2030	2060	2060
0	0	1940	2030	2060
0	0	1870	1940	2030
0	0	1810	1870	1940
0	0	1740	1810	1870
0	0	1690	1740	1810
0	0	1620	1690	1740
0	0	1550	1620	1690
0	0	1550	1550	1620
0	0	1550	1550	1550
0	0	1500	1550	1550
0	0	1550	1500	1550
0	0	1590	1550	1500
0	0	1620	1590	1550
0	0	1590	1620	1590
0	0	1510	1590	1620
0	0	1390	1510	1590
0	0	1320	1390	1510
0	0	1300	1320	1390
0	0	1290	1300	1320
0	0	1250	1290	1300
0	0	1210	1250	1290
0	0	1180	1210	1250
0	0	1220	1180	1210
0	0	1200	1220	1180
0	0	1200	1200	1220
0	0	1260	1200	1200
0	0	1170	1260	1200
0	0	1130	1170	1260
0	0	1180	1130	1170
0	0	1120	1180	1130
0	0	990	1120	1180
0	0	851	990	1120
0	0	824	851	990
0	0	846	824	851
0	0	878	846	824
0	0	803	878	846
0	0	837	803	878
0	0	808	837	803
0	0	792	808	837
0	0	842	792	808
0	0	857	842	792
0	0	897	857	842
0	0	898	897	857
0	0	858	898	897
0	0	735	858	898
0	0	702	735	858
0	0	621	702	735
0	0	695	621	702
0	0	715	695	621
0	0	710	715	695
0	0	721	710	715
0	0	717	721	710
0	0	727	717	721
0	0	702	727	717
0	0	720	702	727
0	0	765	720	702
0	0	738	765	720
0	0	737	738	765
0	0	666	737	738
0	0	596	666	737
0	0	477	596	666
0	0	501	477	596
0	0	557	501	477
0	0	559	557	501
0	0	495	559	557
0	0	462	495	559
0	0	467	462	495
0	0	435	467	462
0	0	503	435	467
0	0	577	503	435
0	0	642	577	503
0	0	567	642	577
0	0	549	567	642
0	0	523	549	567
0	0	512	523	549
0	0	510	512	523
0	0	496	510	512
0	0	476	496	510
0	0	477	476	496
0	0	409	477	476
0	0	386	409	477
0	0	359	386	409
0	0	409	359	386
0	0	454	409	359
0	0	428	454	409
0	0	463	428	454
0	0	405	463	428
0	0	494	405	463
0	0	335	494	405
0	0	283	335	494
0	0	345	283	335
0	0	261	345	283
0	0	317	261	345
0	0	290	317	261
0	0	264	290	317
0	0	292	264	290
0	0	310	292	264
0	0	406	310	292
0	0	404	406	310
0	0	423	404	406
0	0	354	423	404
0	0	391	354	423
0	0	350	391	354
0	0	390	350	391
0	0	382	390	350
0	0	338	382	390
0	0	309	338	382
0	0	261	309	338
0	0	280	261	309
0	0	311	280	261
0	0	313	311	280
0.1	0	294	313	311
0.1	0.1	320	294	313
0	0.1	327	320	294
75.3	0	358	327	320
35.7	75.3	372	358	327
3.6	35.7	386	372	358
1.4	3.6	394	386	372
0	1.4	434	394	386
0	0	437	434	394
0	0	396	437	434
0	0	376	396	437
0	0	338	376	396
0	0	352	338	376
0	0	351	352	338
0	0	354	351	352
0	0	387	354	351
0	0	388	387	354
0	0	394	388	387
0	0	454	394	388
0	0	446	454	394
0	0	449	446	454
0	0	395	449	446
0.1	0	336	395	449
0	0.1	286	336	395
0	0	321	286	336
0	0	329	321	286
0	0	357	329	321
0	0	289	357	329
0	0	302	289	357
0	0	420	302	289
66.7	0	450	420	302
0	66.7	452	450	420
0	0	430	452	450
0.8	0	448	430	452
0	0.8	511	448	430
0	0	460	511	448
0	0	467	460	511
0	0	489	467	460
0	0	407	489	467
0	0	421	407	489
1.2	0	417	421	407
4.3	1.2	460	417	421
0	4.3	487	460	417
0.5	0	508	487	460
0	0.5	554	508	487
0.5	0	650	554	508
3.3	0.5	664	650	554
0	3.3	738	664	650
0.8	0	774	738	664
1.2	0.8	799	774	738
0	1.2	777	799	774
0	0	786	777	799
5.7	0	731	786	777
0	5.7	716	731	786
0.9	0	680	716	731
0	0.9	718	680	716
11.3	0	714	718	680
19.7	11.3	753	714	718
0	19.7	789	753	714
1.6	0	781	789	753
19.9	1.6	760	781	789
0	19.9	928	760	781
1.9	0	913	928	760
0	1.9	1020	913	928
0	0	1030	1020	913
0	0	983	1030	1020
0	0	933	983	1030
0	0	926	933	983
51.2	0	794	926	933
0	51.2	816	794	926
0	0	768	816	794
0.5	0	776	768	816
35.2	0.5	731	776	768
1.7	35.2	701	731	776
16.1	1.7	770	701	731
11.9	16.1	737	770	701
0	11.9	870	737	770
17.8	0	861	870	737
7.6	17.8	886	861	870
0	7.6	862	886	861
11.7	0	878	862	886
39.4	11.7	1030	878	862
0.3	39.4	1180	1030	878
41.4	0.3	1360	1180	1030
0	41.4	1390	1360	1180
0	0	1570	1390	1360
0	0	1890	1570	1390
0	0	2150	1890	1570
43.7	0	2170	2150	1890
14.7	43.7	2240	2170	2150
15	14.7	2240	2240	2170
0	15	2290	2240	2240
0	0	2490	2290	2240
0	0	2460	2490	2290
7.2	0	2500	2460	2490
0	7.2	2420	2500	2460
0	0	2360	2420	2500
12.3	0	2300	2360	2420
10.4	12.3	2320	2300	2360
13.9	10.4	2280	2320	2300
0.3	13.9	2300	2280	2320
0	0.3	2330	2300	2280
44.7	0	2350	2330	2300
0.3	44.7	2280	2350	2330
10.3	0.3	2210	2280	2350
0.9	10.3	2240	2210	2280
0	0.9	2240	2240	2210
0	0	2190	2240	2240
24.6	0	2290	2190	2240
19.9	24.6	2410	2290	2190
14.3	19.9	2440	2410	2290
4.3	14.3	2460	2440	2410
0	4.3	2330	2460	2440
0	0	2290	2330	2460
7	0	2340	2290	2330
0.1	7	2360	2340	2290
0	0.1	2430	2360	2340
0	0	2510	2430	2360
7.9	0	2520	2510	2430
0.7	7.9	2540	2520	2510
0	0.7	2540	2540	2520
2.3	0	2620	2540	2540
0	2.3	2640	2620	2540
0	0	2760	2640	2620
3.2	0	2790	2760	2640
0.2	3.2	2910	2790	2760
15.4	0.2	2830	2910	2790
0.2	15.4	3020	2830	2910
15.6	0.2	3030	3020	2830
3.8	15.6	3050	3030	3020
0	3.8	3090	3050	3030
0	0	3120	3090	3050
44.8	0	3260	3120	3090
0.5	44.8	3350	3260	3120
0	0.5	3420	3350	3260
0	0	3420	3420	3350
0	0	3410	3420	3420
2.8	0	3380	3410	3420
2.5	2.8	3350	3380	3410
3.4	2.5	3310	3350	3380
0.1	3.4	3280	3310	3350
5.1	0.1	3220	3280	3310
3.7	5.1	3190	3220	3280
0.5	3.7	3190	3190	3220
2.1	0.5	3200	3190	3190
7.4	2.1	3240	3200	3190
1.1	7.4	3230	3240	3200
0	1.1	3280	3230	3240
2.6	0	3310	3280	3230
0.8	2.6	3380	3310	3280
2.3	0.8	3440	3380	3310
0.2	2.3	3480	3440	3380
13.1	0.2	3540	3480	3440
4.5	13.1	3600	3540	3480
0.7	4.5	3620	3600	3540
0.3	0.7	3640	3620	3600
0.2	0.3	3690	3640	3620
6.6	0.2	3720	3690	3640
1.2	6.6	3740	3720	3690
0.5	1.2	3770	3740	3720
1.4	0.5	3840	3770	3740
0	1.4	3900	3840	3770
0	0	3950	3900	3840
20.7	0	4000	3950	3900
0.9	20.7	4060	4000	3950
2.7	0.9	4100	4060	4000
0.1	2.7	4150	4100	4060
6.1	0.1	4180	4150	4100
0.4	6.1	4210	4180	4150
1.3	0.4	4230	4210	4180
0	1.3	4250	4230	4210
4.9	0	4260	4250	4230
9.4	4.9	4260	4260	4250
0	9.4	4270	4260	4260
0	0	4240	4270	4260
0.7	0	4220	4240	4270
5.1	0.7	4230	4220	4240
34.6	5.1	4250	4230	4220
14.7	34.6	4280	4250	4230
7.6	14.7	4300	4280	4250
0.4	7.6	4330	4300	4280
15.6	0.4	4320	4330	4300
0.4	15.6	4320	4320	4330
0	0.4	4280	4320	4320
0	0	4260	4280	4320
0	0	4220	4260	4280
29.9	0	4200	4220	4260
1.2	29.9	4150	4200	4220
11.2	1.2	4100	4150	4200
6	11.2	4070	4100	4150
16.1	6	4040	4070	4100
0.3	16.1	4010	4040	4070
9.1	0.3	3970	4010	4040
23.8	9.1	3940	3970	4010
0	23.8	3940	3940	3970
0	0	3900	3940	3940
0	0	3860	3900	3940
23.1	0	3810	3860	3900
17.3	23.1	3770	3810	3860
0	17.3	3740	3770	3810
30.3	0	3680	3740	3770
1.4	30.3	3630	3680	3740
16.7	1.4	3560	3630	3680
1.4	16.7	3520	3560	3630
29.7	1.4	3490	3520	3560
19	29.7	3470	3490	3520
31.6	19	3470	3470	3490
66.4	31.6	3110	3470	3470
0	66.4	2990	3110	3470
3	0	3030	2990	3110
0	3	3000	3030	2990
0	0	2900	3000	3030
0	0	3020	2900	3000
19.5	0	2900	3020	2900
17.1	19.5	2920	2900	3020
1	17.1	2800	2920	2900
0.5	1	2650	2800	2920
2.3	0.5	2710	2650	2800
0	2.3	2620	2710	2650
1.3	0	2550	2620	2710
0	1.3	2700	2550	2620
0	0	2670	2700	2550
0	0	2640	2670	2700
0	0	2710	2640	2670
0	0	2840	2710	2640
0	0	2990	2840	2710
0	0	3110	2990	2840
0	0	3080	3110	2990
0	0	3170	3080	3110
0	0	3120	3170	3080
0	0	3200	3120	3170
0	0	3180	3200	3120
8.2	0	3110	3180	3200
0	8.2	3020	3110	3180
0	0	2930	3020	3110
0	0	2750	2930	3020
0	0	2690	2750	2930
0	0	2700	2690	2750
0	0	2580	2700	2690
4.1	0	2520	2580	2700
4.2	4.1	2480	2520	2580
7.5	4.2	2300	2480	2520
0.6	7.5	2270	2300	2480
18	0.6	2220	2270	2300
0	18	2180	2220	2270
0	0	2110	2180	2220
0	0	1970	2110	2180
0	0	1940	1970	2110
0	0	1880	1940	1970
0	0	1910	1880	1940
0	0	1830	1910	1880
0	0	1910	1830	1910
0	0	1920	1910	1830
1.6	0	1890	1920	1910
9.6	1.6	1900	1890	1920
0	9.6	1920	1900	1890
0	0	1900	1920	1900
0	0	1800	1900	1920
0	0	1770	1800	1900
0	0	1620	1770	1800
0	0	1520	1620	1770
0.2	0	1480	1520	1620
0.6	0.2	1340	1480	1520
0	0.6	1360	1340	1480
0	0	1280	1360	1340
0	0	1280	1280	1360
0	0	1220	1280	1280
0	0	1260	1220	1280
0	0	1310	1260	1220
0	0	1270	1310	1260
0	0	1230	1270	1310
0	0	1320	1230	1270
3.1	0	1260	1320	1230
0	3.1	1120	1260	1320
0	0	1030	1120	1260
0.3	0	1020	1030	1120
2.6	0.3	946	1020	1030
0	2.6	964	946	1020
0	0	979	964	946
0	0	991	979	964
0	0	956	991	979
0	0	894	956	991
0	0	918	894	956
0	0	924	918	894
0	0	932	924	918
0	0	906	932	924
0	0	944	906	932
0.2	0	898	944	906
0	0.2	780	898	944
1.5	0	711	780	898
0	1.5	677	711	780
0	0	721	677	711
0	0	675	721	677
0	0	757	675	721
2.1	0	666	757	675
0	2.1	690	666	757
0	0	688	690	666
0	0	735	688	690
0	0	805	735	688
0	0	768	805	735
0	0	835	768	805
0	0	718	835	768
7.6	0	608	718	835
2.9	7.6	476	608	718
0	2.9	446	476	608
0	0	551	446	476
0	0	514	551	446
0	0	519	514	551
0	0	463	519	514
0	0	503	463	519
0	0	522	503	463
0	0	517	522	503
0	0	496	517	522
0	0	488	496	517
0	0	582	488	496
0	0	504	582	488
0	0	469	504	582
0	0	451	469	504
0	0	447	451	469
0	0	440	447	451
0.8	0	401	440	447
0	0.8	387	401	440
0	0	392	387	401
0	0	441	392	387
0	0	446	441	392
0.7	0	460	446	441
0	0.7	454	460	446
0	0	487	454	460
0	0	437	487	454
0	0	473	437	487
0	0	400	473	437
0	0	406	400	473
0	0	304	406	400
0	0	295	304	406
0	0	379	295	304
0	0	334	379	295
0	0	236	334	379
0	0	251	236	334
0	0	218	251	236
0	0	276	218	251
0	0	305	276	218
24.8	0	326	305	276
0	24.8	358	326	305
0	0	305	358	326
0	0	282	305	358
0	0	335	282	305
0	0	410	335	282
9.7	0	376	410	335
0	9.7	366	376	410
28.5	0	364	366	376
0	28.5	306	364	366
67.7	0	306	306	364
3.5	67.7	274	306	306
8.9	3.5	343	274	306
26.2	8.9	365	343	274
1	26.2	372	365	343
26.1	1	406	372	365
0	26.1	395	406	372
0	0	402	395	406
0	0	416	402	395
0	0	426	416	402
10.7	0	434	426	416
0.7	10.7	429	434	426
0	0.7	509	429	434
0.3	0	355	509	429
64.7	0.3	330	355	509
0	64.7	268	330	355
0	0	289	268	330
0.1	0	313	289	268
0	0.1	332	313	289
0	0	402	332	313
0	0	456	402	332
16.3	0	497	456	402
0	16.3	595	497	456
0.6	0	598	595	497
1.1	0.6	579	598	595
6.4	1.1	610	579	598
0.1	6.4	576	610	579
0.9	0.1	576	576	610
0	0.9	541	576	576
0	0	584	541	576
0	0	605	584	541
5.9	0	595	605	584
28.9	5.9	608	595	605
0	28.9	668	608	595
16.8	0	671	668	608
0	16.8	742	671	668
0	0	899	742	671
0	0	1030	899	742
2.2	0	988	1030	899
0	2.2	936	988	1030
0	0	862	936	988
1.1	0	817	862	936
0.5	1.1	675	817	862
1.6	0.5	660	675	817
1.2	1.6	686	660	675
18.7	1.2	842	686	660
0.1	18.7	1110	842	686
2.3	0.1	1240	1110	842
1.6	2.3	1370	1240	1110
23.1	1.6	1450	1370	1240
1.2	23.1	1480	1450	1370
2.2	1.2	1540	1480	1450
1.7	2.2	1540	1540	1480
0	1.7	1520	1540	1540
5.4	0	1520	1520	1540
1.7	5.4	1600	1520	1520
0	1.7	1750	1600	1520
1.7	0	1800	1750	1600
3	1.7	1780	1800	1750
1.9	3	1810	1780	1800
0	1.9	1820	1810	1780
4.9	0	1870	1820	1810
6.9	4.9	1960	1870	1820
35.4	6.9	2060	1960	1870
5.8	35.4	2200	2060	1960
9.3	5.8	2350	2200	2060
0.2	9.3	2460	2350	2200
0	0.2	2530	2460	2350
16.3	0	2660	2530	2460
5.7	16.3	2770	2660	2530
0	5.7	2930	2770	2660
0.2	0	2940	2930	2770
0	0.2	2860	2940	2930
0	0	2750	2860	2940
0	0	2720	2750	2860
1.7	0	2660	2720	2750
0	1.7	2600	2660	2720
0	0	2600	2600	2660
0	0	2670	2600	2600
0	0	2760	2670	2600
0	0	2840	2760	2670
0	0	2900	2840	2760
0	0	2900	2900	2840
0	0	3010	2900	2900
0	0	3070	3010	2900
13.1	0	3140	3070	3010
49.6	13.1	3140	3140	3070
0.2	49.6	3120	3140	3140
0	0.2	3100	3120	3140
26.6	0	3160	3100	3120
10.2	26.6	3130	3160	3100
0	10.2	3080	3130	3160
0.4	0	3110	3080	3130
0.2	0.4	3160	3110	3080
0.1	0.2	3140	3160	3110
0	0.1	3150	3140	3160
0	0	3060	3150	3140
13.5	0	3080	3060	3150
0	13.5	3100	3080	3060
0	0	3110	3100	3080
1.3	0	3120	3110	3100
0	1.3	3140	3120	3110
0.1	0	3140	3140	3120
0	0.1	3150	3140	3140
18	0	3140	3150	3140
0	18	3190	3140	3150
0	0	3210	3190	3140
0	0	3290	3210	3190
10.3	0	3310	3290	3210
0	10.3	3380	3310	3290
0	0	3350	3380	3310
3.3	0	3390	3350	3380
0	3.3	3410	3390	3350
11.9	0	3530	3410	3390
9	11.9	3540	3530	3410
9.7	9	3530	3540	3530
26	9.7	3530	3530	3540
7.1	26	3590	3530	3530
0.6	7.1	3750	3590	3530
6.9	0.6	3860	3750	3590
7.6	6.9	3990	3860	3750
12.2	7.6	4090	3990	3860
1.6	12.2	4210	4090	3990
1.6	1.6	4370	4210	4090
1.4	1.6	4510	4370	4210
5.5	1.4	4620	4510	4370
1.1	5.5	4720	4620	4510
0	1.1	4840	4720	4620
0	0	4950	4840	4720
0	0	5060	4950	4840
0	0	5160	5060	4950
0	0	5270	5160	5060
0	0	5400	5270	5160
0	0	5510	5400	5270
0	0	5580	5510	5400
0	0	5640	5580	5510
0	0	5680	5640	5580
0	0	5710	5680	5640
0	0	5670	5710	5680
2.6	0	5620	5670	5710
0	2.6	5600	5620	5670
0.5	0	5500	5600	5620
54.1	0.5	5440	5500	5600
105.3	54.1	5410	5440	5500
43	105.3	5360	5410	5440
0.5	43	5230	5360	5410
13.9	0.5	5260	5230	5360
1.8	13.9	5230	5260	5230
1.8	1.8	5210	5230	5260
0.9	1.8	5220	5210	5230
0	0.9	5200	5220	5210
8.8	0	5220	5200	5220
3.8	8.8	5250	5220	5200
2.3	3.8	5250	5250	5220
3.7	2.3	5260	5250	5250
0.2	3.7	5250	5260	5250
8.1	0.2	5270	5250	5260
0	8.1	5280	5270	5250
0.1	0	5270	5280	5270
0.5	0.1	5280	5270	5280
0	0.5	5290	5280	5270
0	0	5320	5290	5280
0	0	5360	5320	5290
0	0	5410	5360	5320
0	0	5440	5410	5360
7	0	5470	5440	5410
0	7	5490	5470	5440
1.6	0	5500	5490	5470
0	1.6	5490	5500	5490
0	0	5490	5490	5500
0	0	5500	5490	5490
1.1	0	5520	5500	5490
0	1.1	5530	5520	5500
0	0	5560	5530	5520
0	0	5600	5560	5530
0	0	5620	5600	5560
0	0	5670	5620	5600
6.6	0	5730	5670	5620
1.9	6.6	5820	5730	5670
0	1.9	5950	5820	5730
0.2	0	5970	5950	5820
0.2	0.2	6030	5970	5950
3.7	0.2	6010	6030	5970
45.7	3.7	6060	6010	6030
0	45.7	6090	6060	6010
23.8	0	6100	6090	6060
0	23.8	6180	6100	6090
6.8	0	6190	6180	6100
0	6.8	6240	6190	6180
28.2	0	6220	6240	6190
0.5	28.2	6240	6220	6240
10	0.5	6260	6240	6220
0.3	10	6250	6260	6240
0	0.3	6210	6250	6260
23.1	0	6190	6210	6250
15	23.1	6140	6190	6210
12.1	15	6110	6140	6190
0	12.1	6070	6110	6140
0.2	0	5970	6070	6110
0.6	0.2	5870	5970	6070
6.3	0.6	5800	5870	5970
0	6.3	5710	5800	5870
0	0	5610	5710	5800
0	0	5520	5610	5710
0	0	5470	5520	5610
24.7	0	5420	5470	5520
50.3	24.7	5400	5420	5470
11.8	50.3	5450	5400	5420
1	11.8	5390	5450	5400
0	1	5320	5390	5450
15.9	0	5250	5320	5390
0	15.9	5220	5250	5320
0	0	5200	5220	5250
39	0	5140	5200	5220
6.7	39	5110	5140	5200
0	6.7	5010	5110	5140
10.4	0	4960	5010	5110
57.1	10.4	4940	4960	5010
8.3	57.1	5020	4940	4960
1.5	8.3	5010	5020	4940
17.6	1.5	5070	5010	5020
0	17.6	5170	5070	5010
4.1	0	5250	5170	5070
17.9	4.1	5370	5250	5170
0	17.9	5460	5370	5250
0.1	0	5450	5460	5370
12.8	0.1	5380	5450	5460
6	12.8	5320	5380	5450
47.7	6	5220	5320	5380
36.4	47.7	5150	5220	5320
33.7	36.4	5090	5150	5220
0	33.7	4980	5090	5150
0	0	4930	4980	5090
0	0	4830	4930	4980
0	0	4750	4830	4930
1.2	0	4690	4750	4830
0.1	1.2	4640	4690	4750
0	0.1	4600	4640	4690
4.7	0	4560	4600	4640
25.9	4.7	4540	4560	4600
0	25.9	4410	4540	4560
0	0	4370	4410	4540
26.1	0	4280	4370	4410
0	26.1	4160	4280	4370
0	0	3980	4160	4280
0	0	3880	3980	4160
1.3	0	3860	3880	3980
12.1	1.3	3860	3860	3880
4.4	12.1	3840	3860	3860
3.1	4.4	3820	3840	3860
1.1	3.1	3820	3820	3840
0	1.1	3820	3820	3820
0	0	3760	3820	3820
0	0	3680	3760	3820
1.6	0	3600	3680	3760
0	1.6	3530	3600	3680
0.5	0	3480	3530	3600
0	0.5	3440	3480	3530
0	0	3460	3440	3480
0	0	3420	3460	3440
0	0	3330	3420	3460
0	0	3270	3330	3420
0	0	3250	3270	3330
0	0	3100	3250	3270
0	0	2940	3100	3250
0	0	2920	2940	3100
0	0	2830	2920	2940
0	0	2740	2830	2920
0	0	2700	2740	2830
0	0	2650	2700	2740
0	0	2630	2650	2700
0	0	2620	2630	2650
0	0	2610	2620	2630
0	0	2660	2610	2620
0	0	2660	2660	2610
0	0	2620	2660	2660
0	0	2500	2620	2660
20.3	0	2400	2500	2620
2.6	20.3	2350	2400	2500
0	2.6	2290	2350	2400
0	0	2240	2290	2350
0	0	2190	2240	2290
0	0	2130	2190	2240
0	0	2060	2130	2190
0	0	2030	2060	2130
0	0	2020	2030	2060
0	0	2020	2020	2030
0	0	2010	2020	2020
0	0	1990	2010	2020
0	0	1980	1990	2010
0	0	1940	1980	1990
0	0	1900	1940	1980
0	0	1790	1900	1940
0	0	1700	1790	1900
11.6	0	1620	1700	1790
0	11.6	1570	1620	1700
0	0	1580	1570	1620
0	0	1530	1580	1570
18.6	0	1470	1530	1580
0	18.6	1530	1470	1530
0	0	1510	1530	1470
0	0	1580	1510	1530
0	0	1630	1580	1510
0	0	1640	1630	1580
0	0	1580	1640	1630
0	0	1420	1580	1640
0	0	1410	1420	1580
0	0	1320	1410	1420
0	0	1360	1320	1410
0	0	1340	1360	1320
0	0	1230	1340	1360
0	0	1190	1230	1340
0	0	1180	1190	1230
0	0	1150	1180	1190
0	0	1070	1150	1180
0	0	1060	1070	1150
0	0	1140	1060	1070
0	0	1140	1140	1060
0	0	1130	1140	1140
0	0	1100	1130	1140
0	0	1080	1100	1130
0	0	969	1080	1100
0.1	0	898	969	1080
0	0.1	923	898	969
0	0	907	923	898
0	0	932	907	923
0	0	923	932	907
0	0	920	923	932
0	0	968	920	923
0	0	971	968	920
39.6	0	996	971	968
0	39.6	920	996	971
0	0	894	920	996
10.1	0	918	894	920
26	10.1	901	918	894
0	26	712	901	918
0	0	810	712	901
0	0	862	810	712
0	0	845	862	810
18.6	0	817	845	862
0	18.6	849	817	845
0	0	786	849	817
0	0	734	786	849
0	0	701	734	786
0	0	735	701	734
0	0	726	735	701
0	0	709	726	735
0	0	733	709	726
0	0	752	733	709
0	0	686	752	733
0	0	658	686	752
12.1	0	684	658	686
0	12.1	676	684	658
0	0	654	676	684
0	0	677	654	676
0	0	630	677	654
0	0	686	630	677
0	0	651	686	630
0	0	660	651	686
0	0	682	660	651
0.1	0	596	682	660
0.4	0.1	613	596	682
3.1	0.4	573	613	596
0.4	3.1	553	573	613
0	0.4	621	553	573
0	0	591	621	553
0	0	692	591	621
0	0	668	692	591
0	0	563	668	692
0	0	512	563	668
0	0	481	512	563
0	0	462	481	512
0	0	423	462	481
0	0	444	423	462
0	0	403	444	423
0	0	474	403	444
50.2	0	424	474	403
4.9	50.2	533	424	474
3	4.9	530	533	424
50.3	3	561	530	533
1.8	50.3	550	561	530
3.6	1.8	523	550	561
0.6	3.6	566	523	550
38.1	0.6	536	566	523
0	38.1	542	536	566
0.8	0	629	542	536
12.6	0.8	656	629	542
0	12.6	688	656	629
11.7	0	769	688	656
4.9	11.7	781	769	688
0	4.9	782	781	769
6.1	0	816	782	781
0	6.1	797	816	782
43.9	0	744	797	816
0	43.9	794	744	797
0	0	763	794	744
0	0	785	763	794
82	0	729	785	763
0	82	719	729	785
1.2	0	737	719	729
0	1.2	754	737	719
73.6	0	753	754	737
14.5	73.6	733	753	754
1	14.5	767	733	753
2.6	1	832	767	733
3.9	2.6	877	832	767
13.9	3.9	941	877	832
5.6	13.9	952	941	877
7.8	5.6	890	952	941
4.5	7.8	891	890	952
0.7	4.5	848	891	890
0	0.7	899	848	891
9.7	0	919	899	848
0	9.7	973	919	899
0.9	0	1080	973	919
0	0.9	1160	1080	973
1.7	0	1190	1160	1080
0.2	1.7	1240	1190	1160
0.9	0.2	1310	1240	1190
0.6	0.9	1380	1310	1240
1.3	0.6	1640	1380	1310
1.1	1.3	1950	1640	1380
0	1.1	2270	1950	1640
0.5	0	2390	2270	1950
0	0.5	2380	2390	2270
0.2	0	2340	2380	2390
44.3	0.2	2330	2340	2380
0	44.3	2280	2330	2340
0.8	0	2120	2280	2330
5	0.8	2140	2120	2280
8.3	5	2340	2140	2120
0	8.3	2460	2340	2140
0	0	2570	2460	2340
0	0	2610	2570	2460
8.1	0	2480	2610	2570
5	8.1	2340	2480	2610
0.3	5	2130	2340	2480
0	0.3	1960	2130	2340
0	0	1810	1960	2130
0	0	1630	1810	1960
0	0	1500	1630	1810
0	0	1460	1500	1630
0	0	1450	1460	1500
5.8	0	1560	1450	1460
2.8	5.8	1880	1560	1450
10.7	2.8	2290	1880	1560
0	10.7	2790	2290	1880
0	0	3100	2790	2290
1.6	0	3260	3100	2790
4.6	1.6	3320	3260	3100
0	4.6	3330	3320	3260
0	0	3330	3330	3320
0.1	0	3340	3330	3330
0.2	0.1	3390	3340	3330
0	0.2	3520	3390	3340
13	0	3700	3520	3390
1.9	13	3900	3700	3520
1.9	1.9	4040	3900	3700
0	1.9	4140	4040	3900
0.8	0	4220	4140	4040
4.4	0.8	4280	4220	4140
8.7	4.4	4330	4280	4220
8.3	8.7	4310	4330	4280
0	8.3	4290	4310	4330
0	0	4310	4290	4310
0	0	4320	4310	4290
9.8	0	4350	4320	4310
13.7	9.8	4390	4350	4320
10.2	13.7	4420	4390	4350
0	10.2	4480	4420	4390
0	0	4610	4480	4420
18.1	0	4740	4610	4480
3.2	18.1	4870	4740	4610
9.8	3.2	4980	4870	4740
0.1	9.8	5090	4980	4870
0	0.1	5170	5090	4980
0	0	5280	5170	5090
0	0	5400	5280	5170
2.2	0	5520	5400	5280
0	2.2	5660	5520	5400
0	0	5780	5660	5520
7	0	5900	5780	5660
9.6	7	6020	5900	5780
0	9.6	6120	6020	5900
0	0	6190	6120	6020
1.5	0	6240	6190	6120
0	1.5	6310	6240	6190
0	0	6360	6310	6240
0	0	6400	6360	6310
0	0	6440	6400	6360
0	0	6470	6440	6400
1	0	6480	6470	6440
0	1	6470	6480	6470
0	0	6460	6470	6480
0	0	6450	6460	6470
8.2	0	6450	6450	6460
0.8	8.2	6440	6450	6450
0	0.8	6420	6440	6450
0	0	6420	6420	6440
0	0	6410	6420	6420
0	0	6380	6410	6420
0	0	6380	6380	6410
0.6	0	6380	6380	6380
0	0.6	6380	6380	6380
0.2	0	6370	6380	6380
0	0.2	6360	6370	6380
20.1	0	6360	6360	6370
16.8	20.1	6370	6360	6360
2.3	16.8	6390	6370	6360
0	2.3	6400	6390	6370
63.3	0	6380	6400	6390
150.5	63.3	6420	6380	6400
19.9	150.5	6470	6420	6380
3.3	19.9	6490	6470	6420
7.9	3.3	6490	6490	6470
0.6	7.9	6510	6490	6490
10.9	0.6	6540	6510	6490
0.3	10.9	6560	6540	6510
0.7	0.3	6600	6560	6540
8.3	0.7	6640	6600	6560
0	8.3	6680	6640	6600
0	0	6720	6680	6640
0	0	6780	6720	6680
0.1	0	6840	6780	6720
10	0.1	6890	6840	6780
0	10	6950	6890	6840
0	0	7020	6950	6890
0	0	7080	7020	6950
4.8	0	7120	7080	7020
20.5	4.8	7160	7120	7080
15.1	20.5	7200	7160	7120
0.3	15.1	7290	7200	7160
0.4	0.3	7360	7290	7200
0	0.4	7420	7360	7290
1.2	0	7460	7420	7360
0	1.2	7510	7460	7420
0	0	7560	7510	7460
81.6	0	7580	7560	7510
6.8	81.6	7620	7580	7560
3	6.8	7650	7620	7580
0	3	7660	7650	7620
0.7	0	7680	7660	7650
0	0.7	7640	7680	7660
0.2	0	7510	7640	7680
0.2	0.2	7470	7510	7640
0.6	0.2	7390	7470	7510
1.1	0.6	7300	7390	7470
0.2	1.1	7180	7300	7390
1.4	0.2	7060	7180	7300
1.1	1.4	6950	7060	7180
6.2	1.1	6840	6950	7060
0	6.2	6710	6840	6950
1	0	6590	6710	6840
11.2	1	6460	6590	6710
7.1	11.2	6350	6460	6590
10.6	7.1	6250	6350	6460
0.1	10.6	6150	6250	6350
24.4	0.1	6030	6150	6250
1.5	24.4	5940	6030	6150
0	1.5	5880	5940	6030
22.6	0	5810	5880	5940
7.1	22.6	5830	5810	5880
56.7	7.1	5800	5830	5810
12.6	56.7	5840	5800	5830
11.6	12.6	5860	5840	5800
0	11.6	5880	5860	5840
0.5	0	5900	5880	5860
24.2	0.5	5920	5900	5880
0.3	24.2	5960	5920	5900
0	0.3	5940	5960	5920
0	0	5920	5940	5960
0.8	0	5890	5920	5940
2.7	0.8	5860	5890	5920
12.7	2.7	5800	5860	5890
2.1	12.7	5760	5800	5860
3	2.1	5700	5760	5800
5.4	3	5630	5700	5760
11.2	5.4	5560	5630	5700
13.2	11.2	5510	5560	5630
0	13.2	5440	5510	5560
101.4	0	5380	5440	5510
11.3	101.4	5390	5380	5440
0	11.3	5330	5390	5380
0	0	5220	5330	5390
0	0	5110	5220	5330
0	0	4990	5110	5220
0	0	4870	4990	5110
0	0	4770	4870	4990
0.8	0	4670	4770	4870
0	0.8	4570	4670	4770
0	0	4480	4570	4670
15.2	0	4400	4480	4570
0.6	15.2	4320	4400	4480
30.4	0.6	4270	4320	4400
21.1	30.4	4220	4270	4320
14.2	21.1	4160	4220	4270
9	14.2	4110	4160	4220
13.2	9	4030	4110	4160
0	13.2	3960	4030	4110
7.7	0	3880	3960	4030
0	7.7	3800	3880	3960
0	0	3770	3800	3880
0	0	3700	3770	3800
24.8	0	3620	3700	3770
0	24.8	3560	3620	3700
0	0	3490	3560	3620
0.3	0	3430	3490	3560
0	0.3	3380	3430	3490
0	0	3300	3380	3430
3.2	0	3220	3300	3380
0	3.2	3150	3220	3300
0	0	3060	3150	3220
0	0	2990	3060	3150
0	0	2900	2990	3060
0	0	2810	2900	2990
0	0	2730	2810	2900
1.2	0	2660	2730	2810
16.6	1.2	2580	2660	2730
2.1	16.6	2530	2580	2660
0	2.1	2520	2530	2580
0	0	2500	2520	2530
3.1	0	2460	2500	2520
15	3.1	2470	2460	2500
3.9	15	2960	2470	2460
0	3.9	3210	2960	2470
5.9	0	3160	3210	2960
0	5.9	3090	3160	3210
0	0	3030	3090	3160
1.2	0	3030	3030	3090
14.8	1.2	2940	3030	3030
11.7	14.8	2930	2940	3030
17.3	11.7	2960	2930	2940
0	17.3	2860	2960	2930
0	0	2800	2860	2960
0	0	2730	2800	2860
0	0	2640	2730	2800
0	0	2630	2640	2730
0	0	2580	2630	2640
16.4	0	2570	2580	2630
2.2	16.4	2530	2570	2580
7.4	2.2	2600	2530	2570
0	7.4	2520	2600	2530
0	0	2500	2520	2600
0	0	2440	2500	2520
0	0	2500	2440	2500
0	0	2420	2500	2440
0	0	2320	2420	2500
0	0	2330	2320	2420
0	0	2240	2330	2320
0	0	2120	2240	2330
0	0	2130	2120	2240
0	0	2080	2130	2120
0	0	1990	2080	2130
0	0	1960	1990	2080
19.3	0	1900	1960	1990
1	19.3	1720	1900	1960
0	1	1770	1720	1900
0	0	1820	1770	1720
0	0	1810	1820	1770
9.4	0	1730	1810	1820
0	9.4	1600	1730	1810
0	0	1600	1600	1730
0	0	1580	1600	1600
0	0	1540	1580	1600
0	0	1510	1540	1580
0	0	1450	1510	1540
0	0	1420	1450	1510
0	0	1360	1420	1450
0	0	1390	1360	1420
0	0	1340	1390	1360
0	0	1300	1340	1390
0	0	1330	1300	1340
0	0	1330	1330	1300
0	0	1370	1330	1330
0	0	1310	1370	1330
0	0	1260	1310	1370
0	0	1180	1260	1310
0	0	1120	1180	1260
0	0	1120	1120	1180
0	0	998	1120	1120
0	0	970	998	1120
0	0	925	970	998
0	0	949	925	970
0	0	990	949	925
0	0	1010	990	949
0	0	1020	1010	990
0	0	1050	1020	1010
0	0	1040	1050	1020
0	0	1090	1040	1050
0	0	998	1090	1040
0	0	877	998	1090
0	0	885	877	998
0	0	905	885	877
0	0	843	905	885
0	0	828	843	905
0	0	863	828	843
0	0	822	863	828
0	0	772	822	863
0	0	782	772	822
0	0	744	782	772
0	0	718	744	782
0	0	731	718	744
0	0	750	731	718
0	0	799	750	731
0	0	777	799	750
0	0	512	777	799
0	0	673	512	777
0	0	668	673	512
0	0	611	668	673
0	0	570	611	668
0	0	572	570	611
0	0	611	572	570
0	0	567	611	572
0	0	627	567	611
0	0	699	627	567
0	0	629	699	627
0.3	0	704	629	699
10.5	0.3	751	704	629
1.5	10.5	606	751	704
0	1.5	681	606	751
0	0	741	681	606
6.6	0	716	741	681
6.3	6.6	676	716	741
0	6.3	628	676	716
0	0	640	628	676
0	0	642	640	628
0.3	0	584	642	640
4.7	0.3	585	584	642
0	4.7	608	585	584
0	0	576	608	585
1.2	0	604	576	608
13.2	1.2	627	604	576
23.8	13.2	630	627	604
1.2	23.8	667	630	627
0	1.2	625	667	630
0	0	729	625	667
0	0	690	729	625
0	0	656	690	729
0	0	595	656	690
0	0	574	595	656
0	0	567	574	595
0	0	579	567	574
2.6	0	586	579	567
0	2.6	568	586	579
0	0	524	568	586
0	0	523	524	568
0.8	0	480	523	524
1.5	0.8	494	480	523
0	1.5	538	494	480
0	0	562	538	494
0	0	555	562	538
0	0	490	555	562
0	0	439	490	555
0	0	428	439	490
47.2	0	406	428	439
13	47.2	405	406	428
14.7	13	388	405	406
0	14.7	370	388	405
21.8	0	417	370	388
13.6	21.8	424	417	370
0	13.6	456	424	417
0	0	466	456	424
0	0	477	466	456
0	0	520	477	466
0	0	502	520	477
0	0	402	502	520
0	0	392	402	502
0	0	420	392	402
0	0	424	420	392
0	0	452	424	420
0	0	477	452	424
0	0	478	477	452
0	0	432	478	477
0	0	446	432	478
3.2	0	505	446	432
3.3	3.2	466	505	446
19.3	3.3	468	466	505
0	19.3	500	468	466
1	0	551	500	468
18.6	1	635	551	500
9.3	18.6	715	635	551
13	9.3	647	715	635
0	13	670	647	715
6	0	721	670	647
0	6	740	721	670
0	0	713	740	721
0	0	696	713	740
0.3	0	643	696	713
0.9	0.3	678	643	696
0	0.9	770	678	643
0	0	884	770	678
0	0	926	884	770
0	0	1020	926	884
0	0	1050	1020	926
0	0	1080	1050	1020
0	0	1120	1080	1050
0	0	1180	1120	1080
0.2	0	1260	1180	1120
3.6	0.2	1350	1260	1180
0.5	3.6	1440	1350	1260
0	0.5	1520	1440	1350
0	0	1490	1520	1440
0	0	1610	1490	1520
2.9	0	1720	1610	1490
32.1	2.9	1870	1720	1610
0	32.1	1950	1870	1720
0	0	2010	1950	1870
1.4	0	2060	2010	1950
0.2	1.4	2140	2060	2010
0	0.2	2170	2140	2060
1	0	2210	2170	2140
0	1	2270	2210	2170
0.1	0	2300	2270	2210
3.8	0.1	2200	2300	2270
3.4	3.8	2140	2200	2300
11.4	3.4	2110	2140	2200
11	11.4	2180	2110	2140
14.9	11	2290	2180	2110
4.2	14.9	2620	2290	2180
0	4.2	3000	2620	2290
1.2	0	3050	3000	2620
0	1.2	3040	3050	3000
0.2	0	3050	3040	3050
0.6	0.2	3080	3050	3040
17.7	0.6	3200	3080	3050
11	17.7	3270	3200	3080
9.9	11	3330	3270	3200
8.3	9.9	3330	3330	3270
12.1	8.3	3480	3330	3330
27.8	12.1	3400	3480	3330
0	27.8	3280	3400	3480
0	0	3510	3280	3400
0	0	3850	3510	3280
0	0	4060	3850	3510
0	0	4140	4060	3850
0	0	4180	4140	4060
0	0	4170	4180	4140
0	0	4160	4170	4180
2	0	4130	4160	4170
0	2	4110	4130	4160
0.9	0	4090	4110	4130
0	0.9	4100	4090	4110
0	0	4130	4100	4090
1.6	0	4160	4130	4100
0	1.6	4230	4160	4130
0	0	4330	4230	4160
0	0	4430	4330	4230
0	0	4490	4430	4330
0.3	0	4540	4490	4430
0	0.3	4570	4540	4490
5.2	0	4580	4570	4540
0.5	5.2	4600	4580	4570
0	0.5	4610	4600	4580
0	0	4610	4610	4600
0.2	0	4660	4610	4610
20.6	0.2	4660	4660	4610
4.7	20.6	4680	4660	4660
7.5	4.7	4720	4680	4660
4.2	7.5	4800	4720	4680
7.2	4.2	4820	4800	4720
20.2	7.2	4850	4820	4800
0	20.2	4870	4850	4820
9.4	0	4890	4870	4850
36.6	9.4	4900	4890	4870
3.3	36.6	4940	4900	4890
13.4	3.3	5010	4940	4900
13.2	13.4	5080	5010	4940
0	13.2	5160	5080	5010
0	0	5240	5160	5080
5	0	5320	5240	5160
5.4	5	5410	5320	5240
0.2	5.4	5530	5410	5320
0	0.2	5660	5530	5410
0.1	0	5790	5660	5530
0.1	0.1	5930	5790	5660
0.4	0.1	6090	5930	5790
20.5	0.4	6260	6090	5930
24	20.5	6410	6260	6090
0.1	24	6550	6410	6260
0	0.1	6650	6550	6410
0	0	6720	6650	6550
9.8	0	6780	6720	6650
3.9	9.8	6830	6780	6720
0	3.9	6890	6830	6780
1.2	0	6960	6890	6830
0	1.2	7000	6960	6890
1	0	7040	7000	6960
0	1	7070	7040	7000
20.2	0	7090	7070	7040
0	20.2	7110	7090	7070
0.1	0	7100	7110	7090
0	0.1	7080	7100	7110
0	0	7060	7080	7100
10.4	0	7040	7060	7080
2.9	10.4	7020	7040	7060
16.8	2.9	7000	7020	7040
1.6	16.8	6970	7000	7020
0	1.6	6960	6970	7000
0	0	6960	6960	6970
0.2	0	6970	6960	6960
0	0.2	7010	6970	6960
0.5	0	7050	7010	6970
0.4	0.5	7080	7050	7010
0	0.4	7120	7080	7050
0	0	7040	7120	7080
13	0	6970	7040	7120
39.3	13	6990	6970	7040
0	39.3	7000	6990	6970
19.6	0	6990	7000	6990
0	19.6	6960	6990	7000
0	0	6940	6960	6990
0.5	0	6900	6940	6960
1.3	0.5	6870	6900	6940
2.6	1.3	6840	6870	6900
9.3	2.6	6810	6840	6870
3.5	9.3	6780	6810	6840
15.1	3.5	6770	6780	6810
0	15.1	6740	6770	6780
48.4	0	6740	6740	6770
0.2	48.4	6730	6740	6740
18.8	0.2	6700	6730	6740
6.9	18.8	6650	6700	6730
12	6.9	6590	6650	6700
1	12	6570	6590	6650
9.8	1	6510	6570	6590
33.6	9.8	6480	6510	6570
5.5	33.6	6460	6480	6510
38.4	5.5	6400	6460	6480
7.3	38.4	6370	6400	6460
9	7.3	6320	6370	6400
39.3	9	6280	6320	6370
17.7	39.3	6250	6280	6320
1.8	17.7	6230	6250	6280
0.1	1.8	6180	6230	6250
13.3	0.1	6130	6180	6230
0.4	13.3	6100	6130	6180
16.2	0.4	6010	6100	6130
1.1	16.2	5950	6010	6100
0	1.1	5890	5950	6010
0	0	5860	5890	5950
20.3	0	5810	5860	5890
24.3	20.3	5790	5810	5860
44.8	24.3	5750	5790	5810
46.4	44.8	5740	5750	5790
0	46.4	5700	5740	5750
3.7	0	5650	5700	5740
0	3.7	5600	5650	5700
0	0	5560	5600	5650
1	0	5500	5560	5600
12.6	1	5470	5500	5560
0	12.6	5440	5470	5500
7.2	0	5380	5440	5470
0	7.2	5360	5380	5440
0	0	5310	5360	5380
0	0	5280	5310	5360
0	0	5240	5280	5310
0	0	5200	5240	5280
0	0	5160	5200	5240
0	0	5120	5160	5200
0	0	5100	5120	5160
0	0	5100	5100	5120
0	0	5060	5100	5100
0	0	5040	5060	5100
0	0	5000	5040	5060
0	0	4960	5000	5040
0	0	4900	4960	5000
0	0	4820	4900	4960
0	0	4740	4820	4900
0	0	4660	4740	4820
0	0	4590	4660	4740
0.2	0	4520	4590	4660
0	0.2	4450	4520	4590
0	0	4380	4450	4520
0	0	4300	4380	4450
0	0	4230	4300	4380
0	0	4180	4230	4300
0	0	4130	4180	4230
0	0	4080	4130	4180
0	0	4040	4080	4130
0	0	3960	4040	4080
0	0	3900	3960	4040
0	0	3830	3900	3960
0	0	3750	3830	3900
0	0	3630	3750	3830
0	0	3500	3630	3750
0	0	3410	3500	3630
1.2	0	3350	3410	3500
0.8	1.2	3310	3350	3410
4.6	0.8	3310	3310	3350
0	4.6	3300	3310	3310
0	0	3290	3300	3310
0	0	3250	3290	3300
0	0	3170	3250	3290
0	0	3120	3170	3250
0	0	3040	3120	3170
0.2	0	2920	3040	3120
0	0.2	2800	2920	3040
0	0	2440	2800	2920
0	0	2380	2440	2800
0	0	2300	2380	2440
0	0	2250	2300	2380
0	0	2200	2250	2300
0	0	2160	2200	2250
0	0	2170	2160	2200
0	0	2090	2170	2160
0	0	2070	2090	2170
0.1	0	1980	2070	2090
0	0.1	2020	1980	2070
0	0	1990	2020	1980
0	0	1990	1990	2020
0	0	1950	1990	1990
0	0	1930	1950	1990
0	0	1920	1930	1950
0	0	1960	1920	1930
0	0	1900	1960	1920
0	0	1880	1900	1960
0	0	1770	1880	1900
0	0	1740	1770	1880
0	0	1620	1740	1770
0	0	1570	1620	1740
0	0	1570	1570	1620
0	0	1620	1570	1570
0	0	1600	1620	1570
0	0	1600	1600	1620
0	0	1580	1600	1600
0	0	1570	1580	1600
0	0	1560	1570	1580
0	0	1550	1560	1570
0	0	1490	1550	1560
0	0	1470	1490	1550
0	0	1480	1470	1490
0	0	1380	1480	1470
0	0	1310	1380	1480
0	0	1250	1310	1380
0	0	1190	1250	1310
0	0	1150	1190	1250
0	0	1090	1150	1190
0	0	1180	1090	1150
0	0	1200	1180	1090
0	0	1240	1200	1180
0	0	1240	1240	1200
0	0	1220	1240	1240
0	0	1280	1220	1240
0	0	1220	1280	1220
0	0	1150	1220	1280
0	0	1110	1150	1220
0	0	1120	1110	1150
0	0	1070	1120	1110
0	0	909	1070	1120
0	0	798	909	1070
0	0	1040	798	909
0	0	1030	1040	798
0	0	997	1030	1040
0	0	881	997	1030
0	0	884	881	997
0	0	934	884	881
0	0	884	934	884
0	0	940	884	934
0	0	876	940	884
0	0	782	876	940
0	0	733	782	876
0	0	796	733	782
0	0	778	796	733
0	0	744	778	796
0	0	704	744	778
0	0	548	704	744
0	0	526	548	704
0	0	585	526	548
0	0	552	585	526
0	0	672	552	585
0	0	729	672	552
0	0	700	729	672
0	0	517	700	729
0	0	559	517	700
0	0	644	559	517
0	0	681	644	559
0	0	691	681	644
0	0	620	691	681
0	0	584	620	691
0	0	558	584	620
0	0	562	558	584
0	0	552	562	558
0	0	496	552	562
0	0	480	496	552
0	0	506	480	496
0	0	435	506	480
0	0	447	435	506
0	0	479	447	435
0	0	445	479	447
0	0	522	445	479
0	0	518	522	445
0	0	444	518	522
0	0	419	444	518
0	0	327	419	444
0	0	392	327	419
0	0	391	392	327
0	0	470	391	392
0	0	414	470	391
0	0	445	414	470
0	0	440	445	414
0	0	449	440	445
0	0	449	449	440
0	0	432	449	449
0	0	500	432	449
0	0	486	500	432
12.2	0	410	486	500
0	12.2	378	410	486
3.3	0	372	378	410
0	3.3	240	372	378
0	0	315	240	372
0	0	300	315	240
0	0	344	300	315
0	0	355	344	300
0	0	367	355	344
0	0	353	367	355
0	0	284	353	367
0.2	0	364	284	353
13.3	0.2	374	364	284
0.7	13.3	448	374	364
0	0.7	418	448	374
1	0	362	418	448
8.9	1	342	362	418
0.8	8.9	309	342	362
0	0.8	325	309	342
0	0	336	325	309
0	0	327	336	325
0	0	369	327	336
0	0	373	369	327
0	0	406	373	369
0	0	402	406	373
0	0	463	402	406
0.2	0	458	463	402
3.2	0.2	493	458	463
0	3.2	502	493	458
0	0	408	502	493
8.7	0	381	408	502
0.9	8.7	346	381	408
0.1	0.9	354	346	381
0	0.1	330	354	346
0	0	321	330	354
0	0	381	321	330
0	0	388	381	321
0	0	390	388	381
0.2	0	386	390	388
0	0.2	433	386	390
0	0	473	433	386
0.2	0	505	473	433
0	0.2	557	505	473
0.4	0	510	557	505
0.1	0.4	474	510	557
1.1	0.1	462	474	510
0.3	1.1	512	462	474
0.1	0.3	563	512	462
0	0.1	656	563	512
0	0	661	656	563
0	0	752	661	656
0	0	919	752	661
0	0	1040	919	752
13.6	0	1160	1040	919
0	13.6	1190	1160	1040
0	0	1210	1190	1160
0.4	0	1220	1210	1190
0.4	0.4	1220	1220	1210
0	0.4	1200	1220	1220
0	0	1190	1200	1220
0	0	1190	1190	1200
0	0	1130	1190	1190
0	0	1160	1130	1190
0	0	1260	1160	1130
0	0	1330	1260	1160
0	0	1430	1330	1260
10.6	0	1460	1430	1330
17.4	10.6	1540	1460	1430
0	17.4	1740	1540	1460
0	0	1920	1740	1540
0	0	2040	1920	1740
1.2	0	2050	2040	1920
0	1.2	2080	2050	2040
0.3	0	2050	2080	2050
0.6	0.3	2000	2050	2080
1.1	0.6	2000	2000	2050
0	1.1	2110	2000	2000
41.8	0	2300	2110	2000
0	41.8	2460	2300	2110
0	0	2470	2460	2300
0	0	2470	2470	2460
5	0	2440	2470	2470
3	5	2420	2440	2470
0	3	2470	2420	2440
0	0	2520	2470	2420
13.9	0	2500	2520	2470
0.5	13.9	2470	2500	2520
1.8	0.5	2440	2470	2500
0.7	1.8	2510	2440	2470
9	0.7	2790	2510	2440
0	9	3100	2790	2510
0	0	3280	3100	2790
0	0	3550	3280	3100
0	0	3750	3550	3280
0	0	3940	3750	3550
0	0	4090	3940	3750
11.5	0	4210	4090	3940
1	11.5	4310	4210	4090
1.9	1	4360	4310	4210
0	1.9	4390	4360	4310
0	0	4430	4390	4360
0	0	4420	4430	4390
5.2	0	4410	4420	4430
0	5.2	4420	4410	4420
0	0	4450	4420	4410
0.6	0	4450	4450	4420
0.4	0.6	4480	4450	4450
0.7	0.4	4480	4480	4450
0	0.7	4460	4480	4480
0.3	0	4450	4460	4480
4.1	0.3	4470	4450	4460
0	4.1	4470	4470	4450
12.4	0	4470	4470	4470
0	12.4	4530	4470	4470
0	0	4580	4530	4470
0.4	0	4620	4580	4530
0.7	0.4	4630	4620	4580
17.1	0.7	4670	4630	4620
12.9	17.1	4730	4670	4630
0.4	12.9	4820	4730	4670
3	0.4	4890	4820	4730
0.1	3	4960	4890	4820
0	0.1	5000	4960	4890
0	0	5070	5000	4960
0	0	5150	5070	5000
7.2	0	5210	5150	5070
0.4	7.2	5290	5210	5150
2.1	0.4	5350	5290	5210
0	2.1	5420	5350	5290
0.9	0	5480	5420	5350
8.9	0.9	5560	5480	5420
21.8	8.9	5630	5560	5480
10.9	21.8	5730	5630	5560
7.4	10.9	5840	5730	5630
0	7.4	5930	5840	5730
0	0	6020	5930	5840
0	0	6100	6020	5930
2.1	0	6190	6100	6020
0	2.1	6300	6190	6100
20.4	0	6440	6300	6190
0	20.4	6560	6440	6300
1.8	0	6700	6560	6440
1.1	1.8	6800	6700	6560
6.5	1.1	6860	6800	6700
1.3	6.5	6830	6860	6800
0	1.3	6660	6830	6860
5.7	0	6740	6660	6830
3.7	5.7	6710	6740	6660
1.2	3.7	6660	6710	6740
4	1.2	6610	6660	6710
0	4	6560	6610	6660
4	0	6550	6560	6610
2.7	4	6540	6550	6560
0	2.7	6490	6540	6550
1.5	0	6460	6490	6540
0.1	1.5	6450	6460	6490
4.6	0.1	6450	6450	6460
1.2	4.6	6460	6450	6450
0	1.2	6460	6460	6450
0	0	6470	6460	6460
0.8	0	6480	6470	6460
0.8	0.8	6480	6480	6470
5.4	0.8	6490	6480	6480
0.1	5.4	6500	6490	6480
0.1	0.1	6510	6500	6490
0	0.1	6530	6510	6500
0	0	6570	6530	6510
0	0	6610	6570	6530
0.3	0	6650	6610	6570
0	0.3	6680	6650	6610
0	0	6700	6680	6650
0	0	6740	6700	6680
27.8	0	6760	6740	6700
21.4	27.8	6780	6760	6740
0	21.4	6760	6780	6760
7.2	0	6760	6760	6780
7.8	7.2	6770	6760	6760
1.7	7.8	6720	6770	6760
13.9	1.7	6680	6720	6770
0.3	13.9	6630	6680	6720
5.5	0.3	6600	6630	6680
0.4	5.5	6560	6600	6630
2.8	0.4	6490	6560	6600
0	2.8	6460	6490	6560
1	0	6380	6460	6490
3	1	6310	6380	6460
0	3	6240	6310	6380
0.7	0	6190	6240	6310
2.3	0.7	6140	6190	6240
0	2.3	6070	6140	6190
0	0	6000	6070	6140
0	0	5930	6000	6070
0	0	5870	5930	6000
0	0	5820	5870	5930
0	0	5770	5820	5870
0	0	5720	5770	5820
0	0	5660	5720	5770
11.6	0	5620	5660	5720
6.8	11.6	5600	5620	5660
0	6.8	5570	5600	5620
7	0	5510	5570	5600
0	7	5440	5510	5570
0.9	0	5360	5440	5510
8.1	0.9	5280	5360	5440
7.5	8.1	5240	5280	5360
9.3	7.5	5160	5240	5280
0	9.3	5100	5160	5240
0	0	5060	5100	5160
0	0	5000	5060	5100
0	0	4950	5000	5060
0	0	4880	4950	5000
2	0	4820	4880	4950
12.7	2	4750	4820	4880
18.4	12.7	4690	4750	4820
0.7	18.4	4640	4690	4750
5	0.7	4570	4640	4690
2.6	5	4510	4570	4640
0.3	2.6	4440	4510	4570
0	0.3	4380	4440	4510
1.2	0	4320	4380	4440
0	1.2	4240	4320	4380
1.6	0	4180	4240	4320
10.6	1.6	4160	4180	4240
28.3	10.6	4150	4160	4180
6.4	28.3	4120	4150	4160
4.2	6.4	4100	4120	4150
20.6	4.2	4080	4100	4120
0	20.6	4060	4080	4100
1.1	0	4010	4060	4080
0	1.1	3960	4010	4060
0	0	3900	3960	4010
0	0	3820	3900	3960
0	0	3740	3820	3900
0	0	3650	3740	3820
1.1	0	3570	3650	3740
2.3	1.1	3560	3570	3650
0	2.3	3530	3560	3570
0	0	3520	3530	3560
0.8	0	3500	3520	3530
1.8	0.8	3480	3500	3520
22.8	1.8	3340	3480	3500
0	22.8	3140	3340	3480
0	0	3090	3140	3340
0	0	3080	3090	3140
1	0	3040	3080	3090
0	1	3010	3040	3080
0	0	3020	3010	3040
1.8	0	2970	3020	3010
0	1.8	2980	2970	3020
1.6	0	2890	2980	2970
0	1.6	2910	2890	2980
2.5	0	2900	2910	2890
0	2.5	2840	2900	2910
0	0	2670	2840	2900
0	0	2600	2670	2840
0	0	2550	2600	2670
0	0	2500	2550	2600
0	0	2470	2500	2550
0	0	2420	2470	2500
0	0	2360	2420	2470
0	0	2420	2360	2420
0.1	0	2400	2420	2360
14.1	0.1	2320	2400	2420
0	14.1	2260	2320	2400
0	0	2210	2260	2320
0	0	2070	2210	2260
20.1	0	2030	2070	2210
0	20.1	1960	2030	2070
0	0	1860	1960	2030
0	0	1920	1860	1960
0	0	1890	1920	1860
0	0	1860	1890	1920
0	0	1840	1860	1890
0	0	1840	1840	1860
0	0	1820	1840	1840
0	0	1870	1820	1840
0	0	1900	1870	1820
0	0	1730	1900	1870
0	0	1650	1730	1900
0	0	1670	1650	1730
0	0	1510	1670	1650
0	0	1420	1510	1670
0	0	1480	1420	1510
0	0	1440	1480	1420
0	0	1390	1440	1480
0	0	1380	1390	1440
0	0	1420	1380	1390
0	0	1480	1420	1380
0	0	1510	1480	1420
0	0	1500	1510	1480
0	0	1500	1500	1510
0.1	0	1490	1500	1500
0	0.1	1480	1490	1500
0	0	1430	1480	1490
0	0	1270	1430	1480
0	0	1170	1270	1430
0	0	1190	1170	1270
0	0	1170	1190	1170
0	0	1100	1170	1190
0	0	1110	1100	1170
0	0	1090	1110	1100
0	0	1110	1090	1110
0	0	1110	1110	1090
0	0	1120	1110	1110
0	0	1090	1120	1110
0	0	1100	1090	1120
0	0	1060	1100	1090
0	0	1040	1060	1100
0	0	986	1040	1060
0	0	872	986	1040
0	0	817	872	986
0	0	840	817	872
0	0	841	840	817
0	0	846	841	840
0	0	775	846	841
0	0	730	775	846
0	0	801	730	775
0	0	768	801	730
0	0	801	768	801
0	0	780	801	768
0	0	881	780	801
0	0	876	881	780
0	0	699	876	881
0	0	634	699	876
0	0	688	634	699
0	0	724	688	634
0	0	726	724	688
0	0	738	726	724
0	0	682	738	726
0	0	647	682	738
0	0	656	647	682
0	0	642	656	647
0	0	586	642	656
0	0	507	586	642
0	0	526	507	586
0	0	585	526	507
0	0	517	585	526
0	0	408	517	585
0	0	474	408	517
0	0	585	474	408
0	0	608	585	474
0	0	598	608	585
0	0	538	598	608
0	0	459	538	598
0	0	436	459	538
0	0	447	436	459
2.6	0	465	447	436
0	2.6	453	465	447
0	0	504	453	465
0	0	529	504	453
0	0	422	529	504
0	0	467	422	529
0	0	520	467	422
0	0	539	520	467
0	0	547	539	520
0	0	469	547	539
10	0	466	469	547
0.9	10	512	466	469
0	0.9	515	512	466
0	0	469	515	512
0	0	442	469	515
0	0	441	442	469
0	0	404	441	442
0	0	420	404	441
0	0	455	420	404
0	0	304	455	420
0	0	341	304	455
0	0	380	341	304
0	0	505	380	341
0	0	461	505	380
0	0	399	461	505
0	0	389	399	461
0	0	346	389	399
0	0	376	346	389
0	0	351	376	346
0	0	326	351	376
0	0	380	326	351
0	0	388	380	326
0	0	350	388	380
0	0	380	350	388
0	0	473	380	350
0	0	473	473	380
0	0	440	473	473
1.6	0	399	440	473
0.1	1.6	339	399	440
0	0.1	360	339	399
0	0	371	360	339
1.2	0	352	371	360
0	1.2	382	352	371
4.6	0	382	382	352
14.4	4.6	431	382	382
0	14.4	415	431	382
0	0	429	415	431
0	0	412	429	415
10.9	0	367	412	429
3.5	10.9	404	367	412
6.7	3.5	406	404	367
0.6	6.7	470	406	404
1.2	0.6	473	470	406
10.5	1.2	411	473	470
1.8	10.5	403	411	473
0.3	1.8	358	403	411
0.1	0.3	364	358	403
0.8	0.1	427	364	358
39.9	0.8	398	427	364
0.3	39.9	422	398	427
8.4	0.3	454	422	398
26.1	8.4	478	454	422
0.1	26.1	538	478	454
0	0.1	583	538	478
0	0	650	583	538
0.4	0	657	650	583
2.3	0.4	612	657	650
5.1	2.3	534	612	657
0	5.1	574	534	612
0	0	566	574	534
8.4	0	657	566	574
0	8.4	625	657	566
13.8	0	810	625	657
0.4	13.8	883	810	625
8.7	0.4	933	883	810
0	8.7	1020	933	883
0	0	1250	1020	933
0	0	1480	1250	1020
0	0	1500	1480	1250
0	0	1500	1500	1480
0	0	1380	1500	1500
0	0	1300	1380	1500
0	0	1210	1300	1380
0.5	0	1070	1210	1300
0	0.5	906	1070	1210
0	0	948	906	1070
0	0	890	948	906
0	0	819	890	948
0	0	828	819	890
0	0	841	828	819
2.4	0	860	841	828
17.3	2.4	906	860	841
17.1	17.3	934	906	860
0.5	17.1	925	934	906
0	0.5	1030	925	934
0.2	0	1190	1030	925
51.7	0.2	1290	1190	1030
3	51.7	1340	1290	1190
0	3	1320	1340	1290
1.1	0	1340	1320	1340
0.9	1.1	1340	1340	1320
0.6	0.9	1440	1340	1340
0	0.6	1480	1440	1340
4.2	0	1480	1480	1440
0	4.2	1450	1480	1480
41.7	0	1500	1450	1480
1.3	41.7	1620	1500	1450
0.2	1.3	1700	1620	1500
4.4	0.2	1710	1700	1620
5.2	4.4	1730	1710	1700
0.4	5.2	1640	1730	1710
44.1	0.4	1660	1640	1730
43.9	44.1	1590	1660	1640
0.9	43.9	1560	1590	1660
0	0.9	1510	1560	1590
0	0	1460	1510	1560
0.3	0	1480	1460	1510
0	0.3	1570	1480	1460
0	0	1690	1570	1480
0.1	0	1780	1690	1570
3	0.1	1820	1780	1690
0.1	3	1800	1820	1780
11.1	0.1	1860	1800	1820
27.3	11.1	1870	1860	1800
0.9	27.3	1840	1870	1860
33.2	0.9	1760	1840	1870
0	33.2	1810	1760	1840
0	0	1900	1810	1760
1.2	0	2140	1900	1810
9.3	1.2	2360	2140	1900
5.7	9.3	2600	2360	2140
0	5.7	2660	2600	2360
0	0	2740	2660	2600
8	0	2740	2740	2660
0.5	8	2730	2740	2740
6.7	0.5	2690	2730	2740
3.5	6.7	2640	2690	2730
0.2	3.5	2750	2640	2690
1.5	0.2	2840	2750	2640
9.3	1.5	2880	2840	2750
1.8	9.3	2920	2880	2840
0	1.8	2920	2920	2880
10.5	0	2910	2920	2920
0	10.5	2880	2910	2920
0	0	2860	2880	2910
0	0	2840	2860	2880
0	0	2880	2840	2860
7	0	2940	2880	2840
23.2	7	3040	2940	2880
7.1	23.2	3010	3040	2940
5.4	7.1	3020	3010	3040
7	5.4	3070	3020	3010
1.1	7	3150	3070	3020
0	1.1	3260	3150	3070
0	0	3180	3260	3150
0	0	3160	3180	3260
9.6	0	3220	3160	3180
0	9.6	3320	3220	3160
0	0	3580	3320	3220
22.3	0	3640	3580	3320
23	22.3	3640	3640	3580
33.3	23	3670	3640	3640
0.1	33.3	3780	3670	3640
2.9	0.1	3680	3780	3670
0	2.9	4240	3680	3780
0	0	4360	4240	3680
5.4	0	4290	4360	4240
0	5.4	4250	4290	4360
1	0	4240	4250	4290
0	1	4270	4240	4250
0	0	4300	4270	4240
0	0	4350	4300	4270
2.5	0	4410	4350	4300
0.4	2.5	4500	4410	4350
2.3	0.4	4610	4500	4410
1.1	2.3	4710	4610	4500
0	1.1	4790	4710	4610
0.3	0	4880	4790	4710
0.2	0.3	4980	4880	4790
12.9	0.2	5070	4980	4880
1.8	12.9	5160	5070	4980
0.3	1.8	5260	5160	5070
0	0.3	5340	5260	5160
2	0	5420	5340	5260
6.7	2	5500	5420	5340
0	6.7	5580	5500	5420
0	0	5640	5580	5500
8.2	0	5680	5640	5580
15.6	8.2	5710	5680	5640
6.9	15.6	5730	5710	5680
18.9	6.9	5720	5730	5710
0	18.9	5710	5720	5730
4.5	0	5700	5710	5720
0	4.5	5700	5700	5710
0	0	5620	5700	5700
28.3	0	5540	5620	5700
4.6	28.3	5520	5540	5620
0.3	4.6	5500	5520	5540
0.7	0.3	5490	5500	5520
2.9	0.7	5460	5490	5500
21.7	2.9	5440	5460	5490
0	21.7	5420	5440	5460
0	0	5400	5420	5440
0	0	5380	5400	5420
37.3	0	5350	5380	5400
3.4	37.3	5300	5350	5380
1.4	3.4	5260	5300	5350
11.2	1.4	5210	5260	5300
7.5	11.2	5170	5210	5260
28.1	7.5	5140	5170	5210
34	28.1	5100	5140	5170
8.1	34	5060	5100	5140
0.3	8.1	5010	5060	5100
25.4	0.3	4960	5010	5060
1	25.4	4920	4960	5010
5	1	4890	4920	4960
28	5	4850	4890	4920
1.3	28	4810	4850	4890
0	1.3	4780	4810	4850
0	0	4720	4780	4810
0	0	4650	4720	4780
0	0	4550	4650	4720
0.4	0	4460	4550	4650
0.7	0.4	4330	4460	4550
34	0.7	4190	4330	4460
0	34	4110	4190	4330
0	0	3970	4110	4190
0	0	3840	3970	4110
0	0	3720	3840	3970
0	0	3590	3720	3840
0	0	3460	3590	3720
0	0	3370	3460	3590
0.3	0	3300	3370	3460
0	0.3	3240	3300	3370
7.6	0	3160	3240	3300
19.2	7.6	3120	3160	3240
0	19.2	3080	3120	3160
0	0	3020	3080	3120
25.9	0	2930	3020	3080
0	25.9	2880	2930	3020
0	0	2820	2880	2930
0	0	2720	2820	2880
0	0	2680	2720	2820
0	0	2640	2680	2720
0	0	2690	2640	2680
0	0	2600	2690	2640
5.4	0	2500	2600	2690
7.1	5.4	2420	2500	2600
7.4	7.1	2370	2420	2500
0	7.4	2350	2370	2420
0	0	2330	2350	2370
0	0	2290	2330	2350
0	0	2190	2290	2330
0	0	2150	2190	2290
0	0	2060	2150	2190
0	0	2030	2060	2150
0	0	2030	2030	2060
0	0	2090	2030	2030
0	0	2030	2090	2030
0	0	2010	2030	2090
0	0	1950	2010	2030
0	0	1900	1950	2010
40.2	0	1790	1900	1950
0.4	40.2	1780	1790	1900
0	0.4	1760	1780	1790
0	0	1700	1760	1780
0	0	1630	1700	1760
0	0	1670	1630	1700
0	0	1690	1670	1630
0	0	1670	1690	1670
0	0	1600	1670	1690
0	0	1500	1600	1670
0	0	1530	1500	1600
0	0	1440	1530	1500
0	0	1320	1440	1530
0	0	1240	1320	1440
0	0	1320	1240	1320
0	0	1170	1320	1240
0	0	1180	1170	1320
0	0	1180	1180	1170
0	0	1210	1180	1180
0	0	1200	1210	1180
0	0	1260	1200	1210
0	0	1340	1260	1200
0	0	1370	1340	1260
0	0	1250	1370	1340
0	0	1150	1250	1370
0	0	1080	1150	1250
0	0	995	1080	1150
0	0	959	995	1080
0	0	1050	959	995
0	0	944	1050	959
0	0	973	944	1050
0	0	915	973	944
0	0	813	915	973
0	0	854	813	915
0	0	787	854	813
0.4	0	846	787	854
0	0.4	863	846	787
0	0	866	863	846
0	0	910	866	863
0	0	940	910	866
0	0	684	940	910
0	0	591	684	940
0	0	692	591	684
0	0	661	692	591
0	0	659	661	692
0	0	586	659	661
0	0	580	586	659
0	0	691	580	586
0	0	585	691	580
0	0	605	585	691
0	0	684	605	585
0	0	732	684	605
0	0	650	732	684
0	0	670	650	732
0	0	481	670	650
0	0	523	481	670
0	0	576	523	481
0	0	575	576	523
0	0	517	575	576
0	0	510	517	575
0	0	488	510	517
0	0	432	488	510
0	0	409	432	488
0	0	508	409	432
0	0	543	508	409
0	0	491	543	508
0	0	545	491	543
0	0	610	545	491
0	0	457	610	545
0	0	333	457	610
0	0	307	333	457
0	0	394	307	333
0	0	436	394	307
0	0	416	436	394
0	0	470	416	436
0	0	470	470	416
0	0	472	470	470
0	0	454	472	470
0	0	441	454	472
0	0	453	441	454
0	0	491	453	441
0	0	411	491	453
0	0	367	411	491
0	0	272	367	411
0	0	282	272	367
0	0	399	282	272
0	0	422	399	282
0	0	373	422	399
0	0	284	373	422
0	0	316	284	373
0	0	292	316	284
0	0	315	292	316
0	0	313	315	292
0	0	329	313	315
0	0	320	329	313
0	0	375	320	329
0	0	369	375	320
0	0	260	369	375
0	0	182	260	369
0	0	257	182	260
0	0	405	257	182
0	0	353	405	257
0	0	264	353	405
0	0	286	264	353
0	0	322	286	264
0	0	297	322	286
0	0	271	297	322
0	0	290	271	297
0	0	360	290	271
0	0	325	360	290
0	0	269	325	360
0	0	145	269	325
0	0	183	145	269
0	0	293	183	145
0	0	271	293	183
0	0	378	271	293
0	0	314	378	271
9	0	231	314	378
0	9	193	231	314
0	0	197	193	231
0	0	267	197	193
0	0	293	267	197
0	0	248	293	267
0	0	263	248	293
0	0	229	263	248
0	0	262	229	263
0	0	243	262	229
0	0	294	243	262
0	0	394	294	243
0	0	393	394	294
0	0	313	393	394
0	0	229	313	393
0	0	245	229	313
0	0	256	245	229
0	0	264	256	245
0	0	254	264	256
0	0	277	254	264
0	0	299	277	254
0	0	301	299	277
0	0	289	301	299
0	0	239	289	301
0	0	250	239	289
0	0	325	250	239
14.1	0	351	325	250
0	14.1	420	351	325
1.1	0	420	420	351
0	1.1	324	420	420
0	0	285	324	420
0	0	270	285	324
0	0	257	270	285
0	0	267	257	270
0	0	311	267	257
53.2	0	435	311	267
55.8	53.2	369	435	311
0	55.8	395	369	435
0	0	546	395	369
16.7	0	527	546	395
2.1	16.7	484	527	546
5.3	2.1	461	484	527
20.8	5.3	403	461	484
13.2	20.8	409	403	461
0	13.2	402	409	403
0	0	413	402	409
8.6	0	423	413	402
2.6	8.6	428	423	413
0	2.6	499	428	423
2.1	0	457	499	428
5.1	2.1	463	457	499
0	5.1	516	463	457
0	0	506	516	463
0	0	500	506	516
0	0	548	500	506
0	0	595	548	500
0	0	562	595	548
0	0	592	562	595
0.6	0	586	592	562
51.8	0.6	609	586	592
33.8	51.8	506	609	586
12.1	33.8	670	506	609
15.2	12.1	816	670	506
0	15.2	882	816	670
0.4	0	979	882	816
0	0.4	1200	979	882
0	0	1250	1200	979
12.4	0	1220	1250	1200
13.2	12.4	1100	1220	1250
0.4	13.2	1080	1100	1220
11.2	0.4	1220	1080	1100
19.3	11.2	1260	1220	1080
0.7	19.3	1330	1260	1220
8.9	0.7	1510	1330	1260
0	8.9	1760	1510	1330
0	0	1780	1760	1510
0	0	1790	1780	1760
0.2	0	1740	1790	1780
0	0.2	1710	1740	1790
0.6	0	1700	1710	1740
3.5	0.6	1790	1700	1710
0	3.5	1920	1790	1700
0.4	0	2080	1920	1790
2.2	0.4	2180	2080	1920
2.3	2.2	2180	2180	2080
0	2.3	2180	2180	2180
0.1	0	2140	2180	2180
14.8	0.1	2000	2140	2180
0.9	14.8	1950	2000	2140
0	0.9	1840	1950	2000
0	0	1790	1840	1950
0	0	1740	1790	1840
0	0	1720	1740	1790
0	0	1680	1720	1740
0	0	1740	1680	1720
0	0	1750	1740	1680
0	0	1820	1750	1740
0.8	0	1730	1820	1750
0	0.8	1840	1730	1820
0	0	1890	1840	1730
0	0	1910	1890	1840
0	0	1900	1910	1890
8.9	0	1860	1900	1910
22.2	8.9	1880	1860	1900
0	22.2	1830	1880	1860
0	0	1810	1830	1880
5.7	0	1830	1810	1830
1.8	5.7	1840	1830	1810
2.8	1.8	1900	1840	1830
0.9	2.8	1950	1900	1840
0	0.9	2060	1950	1900
0	0	2150	2060	1950
0.2	0	2350	2150	2060
0.2	0.2	2490	2350	2150
1.8	0.2	2620	2490	2350
0	1.8	2670	2620	2490
0	0	2820	2670	2620
0	0	3210	2820	2670
0	0	3530	3210	2820
0.1	0	3550	3530	3210
1.7	0.1	3730	3550	3530
0.1	1.7	3820	3730	3550
3.4	0.1	3860	3820	3730
1.2	3.4	3900	3860	3820
9.7	1.2	3920	3900	3860
29.2	9.7	3930	3920	3900
4.6	29.2	3910	3930	3920
0.6	4.6	3920	3910	3930
3.4	0.6	3920	3920	3910
0	3.4	3940	3920	3920
0	0	4000	3940	3920
0	0	4090	4000	3940
0	0	4190	4090	4000
0	0	4290	4190	4090
6.7	0	4380	4290	4190
0.3	6.7	4480	4380	4290
9	0.3	4580	4480	4380
0	9	4660	4580	4480
0	0	4730	4660	4580
0	0	4810	4730	4660
4.2	0	4880	4810	4730
0	4.2	4970	4880	4810
0	0	5050	4970	4880
0.1	0	5130	5050	4970
0	0.1	5200	5130	5050
4.7	0	5270	5200	5130
0.9	4.7	5340	5270	5200
6.5	0.9	5420	5340	5270
0	6.5	5480	5420	5340
1.4	0	5540	5480	5420
17.4	1.4	5590	5540	5480
0.2	17.4	5640	5590	5540
0	0.2	5680	5640	5590
0	0	5720	5680	5640
0.2	0	5740	5720	5680
0	0.2	5760	5740	5720
0	0	5770	5760	5740
0	0	5790	5770	5760
0.4	0	5810	5790	5770
8	0.4	5820	5810	5790
56.9	8	5840	5820	5810
1.9	56.9	5870	5840	5820
11.6	1.9	5910	5870	5840
0	11.6	5950	5910	5870
3.2	0	5970	5950	5910
0	3.2	6000	5970	5950
2.3	0	6020	6000	5970
5.7	2.3	6050	6020	6000
1.4	5.7	6070	6050	6020
1.3	1.4	6120	6070	6050
0	1.3	6160	6120	6070
3.1	0	6210	6160	6120
0	3.1	6230	6210	6160
3.7	0	6280	6230	6210
0	3.7	6310	6280	6230
3	0	6380	6310	6280
71.5	3	6430	6380	6310
42.9	71.5	6450	6430	6380
0.2	42.9	6490	6450	6430
6.1	0.2	6480	6490	6450
6.8	6.1	6400	6480	6490
11.6	6.8	6240	6400	6480
25.4	11.6	6220	6240	6400
66.9	25.4	6160	6220	6240
91.2	66.9	6130	6160	6220
0.6	91.2	6130	6130	6160
0	0.6	6080	6130	6130
12.4	0	6000	6080	6130
0	12.4	5910	6000	6080
0	0	5820	5910	6000
97.2	0	5760	5820	5910
24.3	97.2	5660	5760	5820
0	24.3	5650	5660	5760
0	0	5600	5650	5660
0.4	0	5530	5600	5650
23.8	0.4	5450	5530	5600
6.1	23.8	5370	5450	5530
0	6.1	5310	5370	5450
0	0	5220	5310	5370
0	0	5110	5220	5310
0.1	0	5000	5110	5220
0	0.1	4900	5000	5110
1	0	4810	4900	5000
0	1	4720	4810	4900
0	0	4630	4720	4810
0	0	4560	4630	4720
0	0	4480	4560	4630
0	0	4400	4480	4560
0	0	4340	4400	4480
1.1	0	4260	4340	4400
0.6	1.1	4180	4260	4340
0.6	0.6	4100	4180	4260
0.1	0.6	4020	4100	4180
0	0.1	3940	4020	4100
0	0	3850	3940	4020
0	0	3750	3850	3940
9.7	0	3630	3750	3850
0	9.7	3490	3630	3750
0	0	3360	3490	3630
59.8	0	3220	3360	3490
7.4	59.8	3100	3220	3360
0	7.4	3100	3100	3220
0.5	0	3040	3100	3100
3.5	0.5	2910	3040	3100
0.7	3.5	2850	2910	3040
0	0.7	2840	2850	2910
5.3	0	2720	2840	2850
13.8	5.3	2660	2720	2840
0	13.8	2650	2660	2720
0	0	2640	2650	2660
0	0	2490	2640	2650
0	0	2370	2490	2640
0	0	2370	2370	2490
0	0	2360	2370	2370
5.8	0	2310	2360	2370
0	5.8	2230	2310	2360
6.4	0	2070	2230	2310
6.3	6.4	2110	2070	2230
0	6.3	2180	2110	2070
0	0	2140	2180	2110
0	0	2170	2140	2180
0	0	2130	2170	2140
0	0	2090	2130	2170
0	0	2130	2090	2130
0	0	2110	2130	2090
0	0	2170	2110	2130
0	0	1980	2170	2110
0	0	1930	1980	2170
0	0	1960	1930	1980
0	0	1840	1960	1930
0	0	1700	1840	1960
0	0	1680	1700	1840
0	0	1590	1680	1700
0	0	1590	1590	1680
0	0	1590	1590	1590
0	0	1450	1590	1590
0	0	1610	1450	1590
0	0	1560	1610	1450
0	0	1620	1560	1610
0	0	1590	1620	1560
0	0	1530	1590	1620
0	0	1480	1530	1590
0	0	1430	1480	1530
0	0	1320	1430	1480
0	0	1300	1320	1430
0	0	1290	1300	1320
0	0	1240	1290	1300
0	0	1220	1240	1290
0	0	1180	1220	1240
0	0	1080	1180	1220
0	0	1090	1080	1180
0	0	1090	1090	1080
0	0	1090	1090	1090
0	0	1060	1090	1090
0	0	1100	1060	1090
0	0	1110	1100	1060
0	0	1090	1110	1100
0	0	1020	1090	1110
0	0	898	1020	1090
0	0	751	898	1020
0	0	749	751	898
0	0	750	749	751
0	0	772	750	749
0	0	788	772	750
0	0	821	788	772
0	0	729	821	788
0	0	714	729	821
0	0	808	714	729
0	0	862	808	714
0	0	860	862	808
0	0	893	860	862
0	0	755	893	860
0	0	638	755	893
0	0	598	638	755
0	0	713	598	638
0	0	678	713	598
0	0	659	678	713
0	0	631	659	678
0	0	618	631	659
0	0	668	618	631
0	0	644	668	618
0	0	597	644	668
0	0	564	597	644
0	0	617	564	597
0	0	521	617	564
0	0	646	521	617
0	0	584	646	521
0	0	468	584	646
0	0	297	468	584
0	0	364	297	468
0	0	436	364	297
0	0	497	436	364
0	0	441	497	436
0	0	563	441	497
0	0	462	563	441
0	0	560	462	563
0	0	452	560	462
0	0	487	452	560
0	0	523	487	452
0	0	513	523	487
0	0	356	513	523
0	0	283	356	513
0	0	393	283	356
0	0	363	393	283
0	0	361	363	393
0	0	361	361	363
0	0	436	361	361
0	0	462	436	361
0	0	400	462	436
0	0	400	400	462
0	0	350	400	400
0	0	343	350	400
0	0	315	343	350
0	0	342	315	343
0	0	283	342	315
0	0	221	283	342
0	0	345	221	283
0	0	246	345	221
0	0	303	246	345
0	0	434	303	246
0	0	409	434	303
0	0	303	409	434
0	0	409	303	409
0	0	336	409	303
0	0	332	336	409
0	0	248	332	336
0	0	331	248	332
0	0	393	331	248
0	0	308	393	331
0.1	0	193	308	393
0	0.1	252	193	308
0	0	308	252	193
0	0	414	308	252
0	0	376	414	308
0	0	319	376	414
0	0	277	319	376
0	0	220	277	319
0	0	294	220	277
0	0	370	294	220
0	0	379	370	294
0	0	306	379	370
0	0	290	306	379
0	0	297	290	306
0	0	293	297	290
0	0	223	293	297
0	0	229	223	293
0	0	285	229	223
0	0	391	285	229
0	0	426	391	285
0	0	350	426	391
0	0	323	350	426
0	0	325	323	350
0	0	333	325	323
0	0	327	333	325
0	0	320	327	333
0	0	300	320	327
0	0	231	300	320
0	0	215	231	300
0	0	285	215	231
0	0	361	285	215
0	0	373	361	285
0	0	384	373	361
0	0	354	384	373
0	0	293	354	384
0	0	322	293	354
0	0	289	322	293
0	0	318	289	322
0	0	315	318	289
0	0	308	315	318
0	0	305	308	315
0	0	316	305	308
0	0	298	316	305
0	0	272	298	316
0	0	314	272	298
0	0	402	314	272
0	0	373	402	314
0	0	313	373	402
0	0	298	313	373
0.1	0	297	298	313
17.4	0.1	268	297	298
8.4	17.4	277	268	297
5.4	8.4	301	277	268
1.9	5.4	308	301	277
2.5	1.9	425	308	301
0	2.5	353	425	308
3.9	0	333	353	425
21.5	3.9	371	333	353
1	21.5	262	371	333
0.1	1	353	262	371
0.2	0.1	367	353	262
0	0.2	373	367	353
0	0	357	373	367
2.1	0	198	357	373
0	2.1	243	198	357
0.9	0	223	243	198
0	0.9	247	223	243
0	0	255	247	223
0	0	348	255	247
8.6	0	315	348	255
1.9	8.6	341	315	348
0	1.9	436	341	315
0	0	531	436	341
0	0	560	531	436
20.2	0	574	560	531
4.3	20.2	527	574	560
3.7	4.3	498	527	574
6.4	3.7	413	498	527
0	6.4	443	413	498
9.3	0	430	443	413
0.4	9.3	385	430	443
9.5	0.4	387	385	430
4.5	9.5	396	387	385
0	4.5	349	396	387
0	0	390	349	396
0	0	374	390	349
0	0	408	374	390
0	0	515	408	374
0	0	526	515	408
0.3	0	555	526	515
0	0.3	484	555	526
4.5	0	503	484	555
6.5	4.5	461	503	484
0	6.5	542	461	503
34.1	0	553	542	461
0	34.1	629	553	542
0	0	688	629	553
13.6	0	757	688	629
0.2	13.6	831	757	688
0	0.2	919	831	757
0	0	1090	919	831
0.6	0	1190	1090	919
0	0.6	1200	1190	1090
30.4	0	1110	1200	1190
0	30.4	1160	1110	1200
6.5	0	133	1160	1110
0.3	6.5	156	133	1160
0.2	0.3	179	156	133
1	0.2	199	179	156
4.4	1	217	199	179
21.8	4.4	227	217	199
13.7	21.8	234	227	217
0	13.7	239	234	227
0	0	247	239	234
0.2	0	251	247	239
1.4	0.2	247	251	247
0.2	1.4	250	247	251
54.1	0.2	244	250	247
3.5	54.1	240	244	250
0	3.5	233	240	244
0	0	225	233	240
0	0	218	225	233
0.7	0	213	218	225
0	0.7	208	213	218
21.5	0	203	208	213
3.5	21.5	192	203	208
3.4	3.5	175	192	203
0	3.4	172	175	192
9.6	0	177	172	175
16.5	9.6	178	177	172
0.1	16.5	188	178	177
11.1	0.1	207	188	178
27.5	11.1	253	207	188
7.3	27.5	322	253	207
13.6	7.3	360	322	253
2.2	13.6	382	360	322
0.9	2.2	3990	382	360
0	0.9	4030	3990	382
0	0	4090	4030	3990
0	0	4140	4090	4030
0	0	4200	4140	4090
0	0	4270	4200	4140
0	0	4360	4270	4200
0	0	4430	4360	4270
0	0	4510	4430	4360
14.8	0	4590	4510	4430
19.1	14.8	4670	4590	4510
19.1	19.1	4770	4670	4590
6.7	19.1	4900	4770	4670
7.3	6.7	5010	4900	4770
0.1	7.3	5120	5010	4900
0	0.1	5240	5120	5010
2.4	0	5370	5240	5120
17.4	2.4	5510	5370	5240
0	17.4	5630	5510	5370
0	0	5740	5630	5510
0	0	5860	5740	5630
0	0	5980	5860	5740
0	0	6080	5980	5860
20.6	0	6170	6080	5980
0	20.6	6250	6170	6080
1.1	0	6280	6250	6170
0	1.1	6290	6280	6250
0.4	0	6290	6290	6280
0.3	0.4	6290	6290	6290
0	0.3	6290	6290	6290
4.1	0	6290	6290	6290
11.5	4.1	6290	6290	6290
0	11.5	6290	6290	6290
0	0	6290	6290	6290
0	0	6290	6290	6290
24.1	0	6290	6290	6290
2.1	24.1	6290	6290	6290
10.3	2.1	6290	6290	6290
0.3	10.3	6290	6290	6290
1.8	0.3	6290	6290	6290
75.9	1.8	6290	6290	6290
0.8	75.9	6290	6290	6290
2.7	0.8	6280	6290	6290
0	2.7	6280	6280	6290
1.6	0	6280	6280	6280
4.1	1.6	6270	6280	6280
0.7	4.1	6280	6270	6280
46.1	0.7	6300	6280	6270
9.3	46.1	6380	6300	6280
0	9.3	6480	6380	6300
0	0	6500	6480	6380
0	0	6440	6500	6480
0	0	6450	6440	6500
4.9	0	6500	6450	6440
1.6	4.9	6540	6500	6450
4.7	1.6	6550	6540	6500
0	4.7	6520	6550	6540
0	0	6430	6520	6550
2.6	0	6490	6430	6520
0	2.6	6520	6490	6430
3.2	0	6510	6520	6490
0	3.2	6530	6510	6520
9.3	0	6530	6530	6510
19	9.3	6550	6530	6530
0	19	6540	6550	6530
2.3	0	6450	6540	6550
2	2.3	6490	6450	6540
5.6	2	6490	6490	6450
0	5.6	6530	6490	6490
82.4	0	6540	6530	6490
0.2	82.4	6520	6540	6530
7.3	0.2	6360	6520	6540
2.3	7.3	6210	6360	6520
23.3	2.3	6160	6210	6360
1.4	23.3	6150	6160	6210
0	1.4	6150	6150	6160
14.8	0	6130	6150	6150
2.2	14.8	6100	6130	6150
18.3	2.2	6060	6100	6130
26.5	18.3	6010	6060	6100
66.2	26.5	5960	6010	6060
39	66.2	5890	5960	6010
5.4	39	5800	5890	5960
5.7	5.4	5750	5800	5890
1.4	5.7	5670	5750	5800
0	1.4	5570	5670	5750
0	0	5470	5570	5670
0	0	5360	5470	5570
0	0	5260	5360	5470
0	0	5150	5260	5360
3.8	0	5040	5150	5260
0	3.8	4950	5040	5150
0	0	4850	4950	5040
27	0	4760	4850	4950
58.5	27	4680	4760	4850
1.1	58.5	4610	4680	4760
0.1	1.1	4570	4610	4680
3	0.1	4500	4570	4610
0.9	3	4420	4500	4570
0	0.9	4340	4420	4500
78	0	4250	4340	4420
1.9	78	4180	4250	4340
17.2	1.9	4120	4180	4250
77.1	17.2	4080	4120	4180
2.8	77.1	4050	4080	4120
0.2	2.8	4040	4050	4080
17.1	0.2	4020	4040	4050
23.1	17.1	4000	4020	4040
7.1	23.1	3980	4000	4020
0	7.1	3910	3980	4000
0	0	3780	3910	3980
0	0	3700	3780	3910
0	0	3510	3700	3780
0	0	3480	3510	3700
1.1	0	3360	3480	3510
33.5	1.1	3330	3360	3480
28.8	33.5	3300	3330	3360
10.9	28.8	3350	3300	3330
0.4	10.9	3400	3350	3300
0	0.4	3280	3400	3350
7.9	0	3210	3280	3400
2.3	7.9	3100	3210	3280
4.6	2.3	2950	3100	3210
1.2	4.6	2830	2950	3100
30.3	1.2	2910	2830	2950
32.4	30.3	2720	2910	2830
0	32.4	2780	2720	2910
0	0	2760	2780	2720
0	0	2700	2760	2780
0	0	2560	2700	2760
0	0	2580	2560	2700
0	0	2500	2580	2560
0	0	2440	2500	2580
1.3	0	2390	2440	2500
3.7	1.3	2330	2390	2440
0.4	3.7	2300	2330	2390
0	0.4	2130	2300	2330
0	0	2090	2130	2300
0	0	2040	2090	2130
14	0	2080	2040	2090
1.1	14	2130	2080	2040
0	1.1	2140	2130	2080
0	0	2110	2140	2130
0	0	2140	2110	2140
1.7	0	2120	2140	2110
20.8	1.7	2090	2120	2140
0	20.8	2130	2090	2120
0	0	2120	2130	2090
0	0	2030	2120	2130
0	0	1860	2030	2120
0	0	1800	1860	2030
2.8	0	1710	1800	1860
0	2.8	1490	1710	1800
0	0	1520	1490	1710
1.3	0	1510	1520	1490
0	1.3	1530	1510	1520
0	0	1550	1530	1510
0	0	1560	1550	1530
0	0	1610	1560	1550
0	0	1640	1610	1560
0	0	1560	1640	1610
0	0	1450	1560	1640
0	0	1420	1450	1560
0	0	1350	1420	1450
0	0	1310	1350	1420
0	0	1240	1310	1350
0	0	1280	1240	1310
0	0	1240	1280	1240
0	0	1240	1240	1280
0	0	1270	1240	1240
0	0	1330	1270	1240
0	0	1280	1330	1270
0	0	1310	1280	1330
0	0	1270	1310	1280
9.8	0	1130	1270	1310
0	9.8	1090	1130	1270
0	0	1030	1090	1130
0	0	939	1030	1090
0	0	910	939	1030
0	0	875	910	939
0	0	856	875	910
0	0	757	856	875
2.1	0	852	757	856
0	2.1	855	852	757
0	0	827	855	852
0	0	820	827	855
0	0	878	820	827
0	0	983	878	820
0	0	861	983	878
0	0	857	861	983
0	0	632	857	861
0	0	596	632	857
0	0	632	596	632
0	0	748	632	596
0	0	712	748	632
0	0	641	712	748
1.6	0	606	641	712
0	1.6	709	606	641
0	0	711	709	606
0	0	768	711	709
0	0	664	768	711
0	0	662	664	768
0	0	621	662	664
0	0	649	621	662
0	0	599	649	621
0	0	527	599	649
0	0	426	527	599
0	0	464	426	527
0	0	534	464	426
0	0	544	534	464
0	0	568	544	534
0	0	561	568	544
0	0	535	561	568
0	0	427	535	561
0	0	426	427	535
0	0	510	426	427
0	0	570	510	426
0	0	607	570	510
0	0	441	607	570
0	0	318	441	607
0	0	393	318	441
0	0	461	393	318
0	0	510	461	393
0	0	490	510	461
5.8	0	363	490	510
0	5.8	421	363	490
0	0	420	421	363
0	0	372	420	421
0	0	389	372	420
0	0	355	389	372
0	0	363	355	389
0	0	322	363	355
0	0	337	322	363
0	0	408	337	322
0	0	235	408	337
0	0	383	235	408
0	0	458	383	235
0	0	428	458	383
0	0	345	428	458
0	0	362	345	428
0.1	0	367	362	345
0	0.1	414	367	362
0	0	383	414	367
0	0	370	383	414
0	0	417	370	383
0	0	386	417	370
0	0	401	386	417
0	0	278	401	386
0	0	308	278	401
0.5	0	419	308	278
1.1	0.5	485	419	308
0.5	1.1	485	485	419
0	0.5	464	485	485
0	0	402	464	485
0	0	397	402	464
0	0	378	397	402
0	0	375	378	397
44.6	0	353	375	378
0	44.6	344	353	375
6.2	0	295	344	353
3.6	6.2	328	295	344
0	3.6	316	328	295
0	0	332	316	328
7.2	0	399	332	316
13.2	7.2	507	399	332
0	13.2	468	507	399
0	0	431	468	507
0	0	335	431	468
0	0	322	335	431
0	0	312	322	335
20.4	0	314	312	322
11.8	20.4	280	314	312
0	11.8	329	280	314
0	0	340	329	280
0	0	356	340	329
0	0	316	356	340
0	0	295	316	356
15.6	0	328	295	316
0	15.6	417	328	295
0	0	465	417	328
0	0	485	465	417
0	0	427	485	465
0.3	0	358	427	485
0	0.3	344	358	427
0.4	0	352	344	358
0	0.4	361	352	344
0	0	364	361	352
0	0	393	364	361
0.9	0	360	393	364
9	0.9	338	360	393
23.6	9	386	338	360
0.5	23.6	379	386	338
23.6	0.5	421	379	386
0	23.6	560	421	379
0	0	497	560	421
0.6	0	549	497	560
8.8	0.6	482	549	497
0.2	8.8	356	482	549
0	0.2	350	356	482
0	0	415	350	356
7.1	0	433	415	350
0.2	7.1	499	433	415
0	0.2	477	499	433
0	0	475	477	499
0	0	549	475	477
12	0	669	549	475
12	12	738	669	549
18.2	12	798	738	669
0	18.2	796	798	738
0	0	853	796	798
0	0	868	853	796
4	0	942	868	853
4.9	4	864	942	868
0	4.9	839	864	942
2.1	0	834	839	864
0.4	2.1	813	834	839
0	0.4	805	813	834
0	0	780	805	813
0	0	750	780	805
16.3	0	794	750	780
1	16.3	809	794	750
0	1	879	809	794
0.1	0	867	879	809
0	0.1	809	867	879
24.9	0	780	809	867
0.3	24.9	764	780	809
0	0.3	651	764	780
0	0	638	651	764
0	0	704	638	651
11.7	0	687	704	638
3	11.7	779	687	704
14	3	855	779	687
0.6	14	807	855	779
0.1	0.6	885	807	855
1.2	0.1	957	885	807
13.6	1.2	1120	957	885
5.8	13.6	1140	1120	957
0	5.8	1110	1140	1120
11.6	0	1170	1110	1140
22.7	11.6	1520	1170	1110
3.4	22.7	2050	1520	1170
3.4	3.4	2430	2050	1520
6.3	3.4	2640	2430	2050
1.4	6.3	2580	2640	2430
2.6	1.4	2420	2580	2640
8.4	2.6	2390	2420	2580
0.6	8.4	2290	2390	2420
0	0.6	2380	2290	2390
3	0	2400	2380	2290
0	3	2410	2400	2380
0	0	2360	2410	2400
0	0	2440	2360	2410
0	0	2480	2440	2360
0.3	0	2580	2480	2440
0	0.3	2650	2580	2480
1.3	0	2730	2650	2580
0	1.3	2700	2730	2650
0	0	2700	2700	2730
0.4	0	2790	2700	2700
0	0.4	3040	2790	2700
0	0	3280	3040	2790
7.4	0	3350	3280	3040
1.7	7.4	3570	3350	3280
8.7	1.7	3580	3570	3350
1.3	8.7	3600	3580	3570
0	1.3	3680	3600	3580
0.3	0	3780	3680	3600
0.2	0.3	4040	3780	3680
5.5	0.2	4110	4040	3780
3.3	5.5	4120	4110	4040
7	3.3	4160	4120	4110
4.2	7	4230	4160	4120
0	4.2	4350	4230	4160
0	0	4420	4350	4230
7.1	0	4470	4420	4350
0	7.1	4510	4470	4420
3.1	0	4570	4510	4470
115.2	3.1	4620	4570	4510
0.1	115.2	4700	4620	4570
1.2	0.1	4790	4700	4620
0	1.2	4940	4790	4700
6.1	0	5020	4940	4790
0	6.1	5120	5020	4940
0	0	5200	5120	5020
5.5	0	5300	5200	5120
2.6	5.5	5400	5300	5200
6.7	2.6	5490	5400	5300
0.1	6.7	5530	5490	5400
5.6	0.1	5560	5530	5490
0	5.6	5570	5560	5530
0	0	5590	5570	5560
6.9	0	5610	5590	5570
32.9	6.9	5640	5610	5590
10.9	32.9	5680	5640	5610
3.2	10.9	5710	5680	5640
0	3.2	5770	5710	5680
0	0	5810	5770	5710
0.7	0	5850	5810	5770
0.4	0.7	5890	5850	5810
0.5	0.4	5910	5890	5850
0	0.5	5940	5910	5890
0	0	5960	5940	5910
2.3	0	5970	5960	5940
4.1	2.3	5950	5970	5960
0.3	4.1	5950	5950	5970
23.5	0.3	5900	5950	5950
3.2	23.5	5840	5900	5950
20.3	3.2	5810	5840	5900
0	20.3	5790	5810	5840
9.3	0	5770	5790	5810
0	9.3	5730	5770	5790
9.2	0	5680	5730	5770
0	9.2	5630	5680	5730
0	0	5570	5630	5680
0	0	5530	5570	5630
16.6	0	5500	5530	5570
0.6	16.6	5500	5500	5530
1.8	0.6	5540	5500	5500
10.4	1.8	5580	5540	5500
26.9	10.4	5620	5580	5540
9	26.9	5650	5620	5580
10.7	9	5630	5650	5620
1.9	10.7	5580	5630	5650
0.4	1.9	5510	5580	5630
7.2	0.4	5480	5510	5580
0	7.2	5490	5480	5510
32.4	0	5500	5490	5480
27.9	32.4	5520	5500	5490
0.2	27.9	5560	5520	5500
0	0.2	5600	5560	5520
9.1	0	5650	5600	5560
0.3	9.1	5720	5650	5600
0.5	0.3	5800	5720	5650
26.5	0.5	5910	5800	5720
3.3	26.5	5950	5910	5800
0.1	3.3	6030	5950	5910
0	0.1	6140	6030	5950
0.9	0	6190	6140	6030
0	0.9	6290	6190	6140
0	0	6340	6290	6190
39.1	0	6380	6340	6290
4.6	39.1	6430	6380	6340
9.7	4.6	6430	6430	6380
1.8	9.7	6450	6430	6430
6.7	1.8	6410	6450	6430
7.1	6.7	6380	6410	6450
4.5	7.1	6330	6380	6410
5.1	4.5	6300	6330	6380
0	5.1	6260	6300	6330
5.2	0	6220	6260	6300
23.4	5.2	6170	6220	6260
24.9	23.4	6130	6170	6220
0	24.9	6050	6130	6170
0	0	5960	6050	6130
0	0	5830	5960	6050
0.2	0	5730	5830	5960
0	0.2	5630	5730	5830
0	0	5500	5630	5730
0	0	5400	5500	5630
0	0	5300	5400	5500
0	0	5210	5300	5400
0	0	5140	5210	5300
0	0	5050	5140	5210
0	0	4960	5050	5140
6.2	0	4880	4960	5050
0	6.2	4800	4880	4960
0	0	4700	4800	4880
0	0	4610	4700	4800
0	0	4490	4610	4700
0	0	4490	4490	4610
0	0	4390	4490	4490
8	0	4250	4390	4490
0	8	4180	4250	4390
0	0	4220	4180	4250
2.5	0	4110	4220	4180
0	2.5	3970	4110	4220
0.1	0	3880	3970	4110
0	0.1	3810	3880	3970
0	0	3700	3810	3880
0	0	3550	3700	3810
0	0	3480	3550	3700
0	0	3430	3480	3550
0	0	3340	3430	3480
0	0	3300	3340	3430
0	0	3260	3300	3340
0	0	3190	3260	3300
0	0	3110	3190	3260
0	0	3010	3110	3190
0	0	2950	3010	3110
0	0	2800	2950	3010
0	0	2660	2800	2950
0	0	2650	2660	2800
0	0	2440	2650	2660
0	0	2270	2440	2650
0	0	2370	2270	2440
22.4	0	2410	2370	2270
0	22.4	2380	2410	2370
0	0	2460	2380	2410
0.2	0	2340	2460	2380
0	0.2	2400	2340	2460
0	0	2370	2400	2340
0	0	2270	2370	2400
0	0	2240	2270	2370
0	0	2140	2240	2270
0	0	2140	2140	2240
0	0	2010	2140	2140
0	0	1910	2010	2140
0	0	1830	1910	2010
0	0	1750	1830	1910
0	0	1680	1750	1830
0	0	1570	1680	1750
0	0	1640	1570	1680
0	0	1650	1640	1570
0	0	1710	1650	1640
0	0	1820	1710	1650
0	0	1710	1820	1710
0	0	1730	1710	1820
0	0	1690	1730	1710
0	0	1630	1690	1730
0.2	0	1450	1630	1690
0.4	0.2	1460	1450	1630
1.5	0.4	1340	1460	1450
3.5	1.5	1380	1340	1460
0	3.5	1290	1380	1340
0	0	1340	1290	1380
0	0	1370	1340	1290
0	0	1160	1370	1340
0	0	1350	1160	1370
0	0	1400	1350	1160
0	0	1330	1400	1350
0	0	1300	1330	1400
0	0	1180	1300	1330
0.2	0	984	1180	1300
0	0.2	923	984	1180
0	0	1040	923	984
0	0	1070	1040	923
0	0	944	1070	1040
0	0	1070	944	1070
0	0	925	1070	944
0	0	891	925	1070
0	0	903	891	925
0	0	922	903	891
0	0	965	922	903
0	0	911	965	922
0	0	1010	911	965
0	0	970	1010	911
0	0	685	970	1010
0	0	626	685	970
0	0	725	626	685
0	0	734	725	626
0	0	806	734	725
0	0	758	806	734
0	0	658	758	806
0	0	739	658	758
0	0	694	739	658
0	0	710	694	739
0	0	747	710	694
0	0	709	747	710
0	0	821	709	747
0	0	742	821	709
0	0	658	742	821
0	0	533	658	742
0	0	587	533	658
0	0	564	587	533
0	0	604	564	587
0	0	598	604	564
0	0	455	598	604
0	0	531	455	598
0	0	574	531	455
0	0	501	574	531
0	0	549	501	574
0	0	530	549	501
0	0	575	530	549
0	0	517	575	530
0	0	463	517	575
0	0	341	463	517
0	0	339	341	463
0	0	408	339	341
0	0	508	408	339
0	0	476	508	408
0	0	420	476	508
0	0	412	420	476
0	0	371	412	420
0	0	472	371	412
0	0	417	472	371
0	0	439	417	472
0	0	502	439	417
0	0	372	502	439
0	0	349	372	502
0	0	250	349	372
0	0	364	250	349