0.1	0	6860
0	0.1	5860
0	0	6170
0	0	5760
0	0	5710
0	0	5190
0	0	5160
0	0	5160
0	0	5190
0	0	5210
0	0	5160
0	0	5340
0	0	5380
0	0	5650
0	0	5560
0	0	5120
0.1	0	4410
0	0.1	3620
0	0	3620
0	0	3980
0	0	4060
0.9	0	3650
1	0.9	3560
0	1	3720
0	0	3850
0	0	3900
0	0	4900
0	0	4220
0	0	4380
0	0	4000
0	0	3270
0	0	3790
0	0	3940
0	0	3500
0	0	3180
0	0	3390
0	0	2870
0	0	2050
0	0	2560
0	0	3170
0	0	3180
0	0	2890
0	0	3160
0	0	3140
0	0	2950
0	0	2620
0	0	2920
0	0	3460
0	0	2720
0	0	2500
0.2	0	2580
0	0.2	2550
0	0	2670
0	0	2460
0	0	2160
0	0	1890
0	0	2810
0	0	3390
0	0	2220
0	0	2130
0	0	2690
0	0	2990
0	0	2580
0	0	2440
0	0	2370
0	0	2160
0	0	1930
0	0	1810
0	0	2040
4.3	0	1720
12.5	4.3	1740
0	12.5	1910
1	0	1830
0	1	2050
0	0	2320
0	0	2060
0	0	1930
0	0	1810
0	0	1340
0	0	1470
0	0	1860
0	0	1780
0	0	839
0	0	1230
0	0	1610
0	0	1080
0	0	1490
0	0	1930
0	0	1940
0	0	2610
0	0	2120
0	0	1510
0	0	1430
0	0	1070
0	0	812
0	0	918
1.3	0	464
0	1.3	399
19.6	0	634
1.3	19.6	699
0.1	1.3	1140
0	0.1	1280
0	0	1910
0	0	1860
7.1	0	1900
19.5	7.1	1370
1.7	19.5	1120
0	1.7	1880
0	0	1320
14.2	0	1620
0	14.2	1630
0	0	1880
0	0	2020
3.7	0	1980
0.2	3.7	2650
4.6	0.2	2460
9	4.6	2490
15.1	9	2620
0.3	15.1	2130
2	0.3	2310
0	2	2070
0.5	0	1980
0	0.5	1950
0	0	1880
0	0	2020
63.8	0	1880
0.4	63.8	2000
0.2	0.4	2460
12.6	0.2	2410
0	12.6	2980
8.4	0	3330
1.4	8.4	3540
0	1.4	3520
1.7	0	3150
4.6	1.7	2660
7.4	4.6	1990
6.9	7.4	2080
0	6.9	2260
0	0	2350
19	0	2550
9.1	19	2590
0	9.1	2860
1.2	0	3170
8.7	1.2	3670
7.6	8.7	4500
0	7.6	5320
21.9	0	5470
0	21.9	5820
0	0	5410
0.5	0	5320
0.1	0.5	5730
25.6	0.1	4860
0	25.6	4180
59	0	4090
11.6	59	4360
3.6	11.6	4210
9.2	3.6	4520
0	9.2	5210
0	0	5750
38.4	0	5940
24.4	38.4	5840
19.4	24.4	5770
41.4	19.4	5600
0	41.4	5240
7.8	0	4960
0	7.8	4750
0	0	4330
0	0	4550
2.7	0	5320
15.9	2.7	5840
9.3	15.9	6500
0.6	9.3	6740
16.2	0.6	7450
0	16.2	7670
4.6	0	7480
8.5	4.6	7580
3.3	8.5	7910
0	3.3	7980
0	0	8100
0	0	7880
0	0	7660
0	0	6900
6	0	7040
16.6	6	7020
0	16.6	7250
1	0	8220
15.2	1	8210
3.6	15.2	8540
2.9	3.6	9010
55	2.9	8980
31.5	55	9780
0	31.5	9830
0	0	9500
0	0	9320
31.9	0	9360
33.6	31.9	9640
12.2	33.6	10100
0	12.2	9800
0	0	9770
29.1	0	9960
24.6	29.1	10400
10.6	24.6	10500
2.5	10.6	11100
0	2.5	12400
0	0	12900
0	0	13400
0	0	14000
0	0	14700
0	0	14400
1.4	0	13600
34.5	1.4	12900
0	34.5	12200
0.1	0	11900
1.9	0.1	12800
0	1.9	12700
0	0	13400
1.1	0	13400
0	1.1	13700
3.8	0	13800
0	3.8	13900
0	0	13700
0	0	13800
0	0	13300
5	0	13000
7.9	5	12700
0.6	7.9	12900
0	0.6	12500
0.7	0	12700
2.2	0.7	12500
23.9	2.2	12600
0	23.9	12300
0	0	13000
25.8	0	14100
5.8	25.8	15700
1.9	5.8	15000
7.4	1.9	14700
5.2	7.4	14100
6.5	5.2	13300
0.5	6.5	13200
28.4	0.5	12800
7	28.4	12000
27.9	7	11700
0	27.9	12200
2.3	0	11800
7.1	2.3	12400
7.8	7.1	13600
3.9	7.8	14500
7	3.9	15000
0	7	15000
0	0	16200
0	0	16300
0	0	16400
38.1	0	16500
9.1	38.1	16600
0	9.1	16300
6.8	0	16300
13.4	6.8	15900
12.3	13.4	15800
0.1	12.3	15500
0	0.1	15200
7.8	0	15800
16.6	7.8	15500
10.5	16.6	16200
0	10.5	16800
4.6	0	16800
17.2	4.6	17700
1.1	17.2	17500
11.6	1.1	17500
8.7	11.6	16900
0	8.7	16200
4.1	0	15300
26.5	4.1	13000
0.2	26.5	12900
5.8	0.2	13500
1.5	5.8	14000
0	1.5	14600
11.4	0	14900
0	11.4	15100
13.4	0	15900
1.7	13.4	14400
16.3	1.7	14600
3.6	16.3	14600
0.4	3.6	14600
0.9	0.4	14500
3	0.9	13200
1.6	3	12900
63.4	1.6	12700
11	63.4	11900
1.5	11	12100
1.9	1.5	12000
1.2	1.9	12800
7.8	1.2	13800
0	7.8	14200
0	0	14500
0	0	14200
82.2	0	14200
17.9	82.2	13000
0	17.9	12200
19.8	0	11200
7.8	19.8	11200
1	7.8	11100
9.7	1	12500
8.6	9.7	11800
2.6	8.6	12400
0.3	2.6	12300
2	0.3	12800
22.1	2	13600
27.9	22.1	13500
30.7	27.9	13400
51	30.7	13000
0	51	12700
0	0	12000
0	0	11400
0	0	11100
0	0	10500
0	0	9850
0	0	9260
0	0	10000
0	0	10600
0.5	0	10800
0	0.5	10800
7	0	11100
0	7	11600
0	0	11600
0	0	11500
0.2	0	11000
0	0.2	10500
0	0	9340
0	0	8500
0.2	0	8470
0	0.2	8640
5	0	8690
0.5	5	8860
2	0.5	9550
0	2	9540
8.3	0	9220
0.2	8.3	9630
0	0.2	9660
23.9	0	9490
0	23.9	10000
0	0	9740
0	0	8550
0	0	7680
0	0	7360
0	0	7100
0	0	6840
16.9	0	6470
19.7	16.9	6490
0	19.7	6700
0	0	7350
0	0	7730
55.9	0	8140
0	55.9	8180
27	0	8280
10.1	27	7740
0	10.1	7050
1.8	0	6550
7.4	1.8	6230
0	7.4	6350
0.8	0	6180
0	0.8	6030
0	0	5890
0	0	5780
0	0	5840
0	0	5550
2.5	0	6000
0	2.5	6680
0.2	0	6730
0	0.2	6200
0	0	5970
0	0	5600
0	0	5220
0	0	4910
0	0	4840
0	0	4570
0	0	4420
0	0	4240
0	0	4160
0	0	4400
0	0	4720
0	0	4850
0	0	5470
0	0	5020
0	0	4460
0	0	4150
0	0	4570
0	0	4460
0	0	4450
0	0	3920
0	0	4080
0	0	3730
0	0	3610
0	0	3310
0	0	3280
0	0	3400
0	0	3820
0	0	3940
0	0	5050
0	0	3850
0	0	4090
0	0	3720
0	0	3660
0	0	3420
0	0	3010
0	0	2650
0	0	2830
0	0	2070
0	0	2340
0	0	3050
0	0	3230
0	0	3400
0	0	3930
0	0	3830
0	0	3230
0	0	3580
0	0	3340
0	0	3320
0	0	2950
0	0	2900
0	0	2830
0	0	2230
0	0	2220
0	0	2140
0	0	1960
0	0	1850
0	0	2220
0	0	3100
0	0	2790
0	0	2040
0	0	2940
0	0	2900
0	0	1940
0	0	2000
0	0	2330
0	0	1360
0	0	626
0	0	1690
0	0	2000
0	0	2300
0	0	2220
0	0	2860
0	0	2410
0	0	2980
0	0	2950
0	0	2500
0	0	2370
0	0	2090
0	0	2880
0	0	2150
9.5	0	1420
28.5	9.5	1630
60.6	28.5	1630
0	60.6	1570
0	0	1300
0	0	1650
0	0	2150
0.1	0	2280
0	0.1	2610
14.4	0	2810
0	14.4	2440
0	0	2020
0	0	1560
0	0	1790
0	0	941
0	0	1140
0	0	1530
0	0	1150
0	0	930
0.4	0	1400
0	0.4	1270
0	0	1660
0	0	2160
0	0	2120
0	0	1860
0	0	1450
0	0	1440
0	0	858
0	0	582
0	0	361
0	0	486
0	0	114
0	0	794
0	0	1020
0	0	1560
0	0	1310
0	0	884
1	0	1340
17.2	1	1200
0	17.2	766
0	0	459
8	0	45.7
21.6	8	333
6.1	21.6	415
0.2	6.1	404
0	0.2	612
0	0	495
0	0	158
0	0	821
0	0	689
0	0	1150
0	0	1140
13.9	0	1610
0	13.9	1920
0	0	2110
0	0	1870
2.2	0	1710
7.4	2.2	1690
0	7.4	1420
1.9	0	1440
14.5	1.9	1220
65.3	14.5	1100
6.2	65.3	1370
3.7	6.2	1860
0	3.7	2120
0	0	2480
14.6	0	2920
10	14.6	3110
2.9	10	2940
0.1	2.9	2670
13.9	0.1	2890
0	13.9	2900
11.3	0	2800
1.4	11.3	3220
3.2	1.4	3770
0	3.2	3530
0	0	4110
6.6	0	4290
5.8	6.6	4880
1.5	5.8	4950
0	1.5	5160
0.4	0	5010
4.5	0.4	5380
9.8	4.5	5660
26.3	9.8	5340
0	26.3	5630
0	0	5180
0	0	4770
1.2	0	4720
0.4	1.2	4680
0	0.4	4400
0	0	5050
49.8	0	6160
6.5	49.8	6860
0.9	6.5	7210
0	0.9	7590
0.6	0	7380
2.7	0.6	7420
9.7	2.7	7500
6.5	9.7	7300
14.2	6.5	7330
28.9	14.2	7920
20.5	28.9	7600
10.3	20.5	7490
44	10.3	7480
35.8	44	7120
0	35.8	7700
0	0	8340
4.3	0	9060
1.1	4.3	9250
52.9	1.1	9290
1.9	52.9	9480
37.7	1.9	10200
18.7	37.7	9660
9.6	18.7	9250
0.1	9.6	8420
5	0.1	8120
0.2	5	8940
4.4	0.2	9160
0	4.4	8680
0	0	9520
6	0	10200
3.3	6	10700
4.9	3.3	11100
0	4.9	11100
0	0	12300
0	0	12400
0	0	12300
0	0	12100
2.6	0	12000
2.4	2.6	10600
2.2	2.4	10900
0.2	2.2	11800
0	0.2	10800
0	0	10700
0	0	11000
44.4	0	11200
0	44.4	11300
0	0	12700
0	0	12800
0	0	13000
0	0	13800
39.3	0	13800
3.2	39.3	13800
3.7	3.2	13700
0.5	3.7	12000
1.5	0.5	11700
4.4	1.5	12000
3.7	4.4	12500
2.1	3.7	12400
22.8	2.1	13100
16	22.8	14500
3.8	16	15100
9.4	3.8	15900
0.8	9.4	16200
16.4	0.8	15800
38.2	16.4	16000
1.4	38.2	15800
2.3	1.4	15500
1.6	2.3	15200
1.7	1.6	15200
1.8	1.7	15200
0	1.8	15400
0.1	0	15300
0	0.1	15200
0	0	15400
0.7	0	15200
23.2	0.7	15500
8.7	23.2	15900
15.9	8.7	15600
0.6	15.9	15600
0	0.6	15600
2.3	0	15000
5.8	2.3	14800
1.6	5.8	14700
5.4	1.6	14400
0	5.4	13900
0	0	13800
0	0	14400
15.2	0	14600
0.5	15.2	15000
3.8	0.5	15300
0.3	3.8	15400
0	0.3	14900
0	0	15000
8.4	0	14700
0	8.4	14400
0	0	14000
0.1	0	14000
0	0.1	13500
0	0	13600
6.6	0	13400
57.6	6.6	13700
1.4	57.6	13600
0	1.4	13800
0	0	13800
14.7	0	14400
10.5	14.7	14200
0	10.5	14100
13.5	0	14200
0	13.5	13800
3.6	0	13400
17.1	3.6	13300
40.1	17.1	12700
0.8	40.1	12500
126.3	0.8	10800
14.5	126.3	11700
19	14.5	13500
2.5	19	13600
0.1	2.5	13300
0.8	0.1	13400
17.4	0.8	13400
0	17.4	13600
9.3	0	13500
0.5	9.3	13300
1.9	0.5	13200
3.3	1.9	13000
0.7	3.3	12800
0	0.7	12700
2.1	0	12700
0	2.1	12600
0.4	0	12100
14.1	0.4	12200
0.1	14.1	12100
28.2	0.1	12300
6.1	28.2	12100
12.6	6.1	12200
4.8	12.6	12000
19.7	4.8	12700
0	19.7	12900
3.4	0	12700
33.5	3.4	11700
21.4	33.5	10400
3.2	21.4	10100
15	3.2	9430
1.5	15	10100
0	1.5	10400
0	0	11200
0	0	11200
0	0	12000
0	0	11400
0	0	11400
0	0	11400
0	0	11200
0	0	11400
0	0	11500
7.8	0	11200
0	7.8	10700
0	0	9880
0	0	8950
0	0	8590
0	0	8690
0	0	8600
0	0	9240
0	0	8640
0	0	8610
0	0	8640
0	0	9800
0	0	9360
0	0	9120
0	0	8870
0.1	0	8040
0	0.1	7290
0	0	7100
0	0	6630
0	0	7530
0	0	7420
0.2	0	7270
0	0.2	7200
0	0	7500
0	0	7750
0	0	7670
0	0	8850
0	0	8300
0	0	8070
0.2	0	7670
0	0.2	6220
0	0	5940
0.1	0	4980
0	0.1	5300
0	0	3560
0	0	4856.25
0	0	4399.583333
1.2	0	4773.75
0	1.2	4767.083333
0	0	4873.166667
0	0	5967.083333
0	0	6530.416667
0	0	6265
0	0	5719.083333
0	0	5328.75
0	0	4732.916667
0	0	4614.583333
0	0	4504.375
0	0	4132.166667
0	0	4578.083333
0	0	4401.833333
0	0	4435
0	0	4368.333333
0	0	4337.916667
0	0	4565.666667
0	0	4761.708333
0	0	4960.708333
0	0	5173.916667
0	0	5391.666667
0	0	4440.916667
0	0	3489.833333
0	0	3660.75
0	0	3438.333333
0	0	3271.25
0	0	3027.083333
0	0	3051.25
0	0	2930.416667
0	0	3110
0	0	3032.916667
0	0	3830.416667
0	0	4295.416667
0	0	4088
0	0	3698.666667
0	0	4074.666667
0	0	3468.916667
0	0	3467.5
0	0	2507.5
0	0	3188.333333
0	0	3586.666667
0	0	2808.75
0	0	3084.166667
0	0	2613.75
0	0	2924.166667
0	0	2907.916667
0	0	3140.833333
0	0	2930.166667
0	0	3350.416667
0	0	2608.166667
0	0	2640.416667
0	0	3155.333333
0	0	3040.041667
0	0	3142.416667
0	0	3093.583333
0	0	2055.333333
0	0	1661.083333
0	0	2276.25
0	0	2150.833333
0	0	2349.583333
0	0	2538.541667
0	0	2843.333333
0	0	1757.125
0	0	2422.625
0	0	3108.166667
0	0	2953.958333
0	0	3054.375
0	0	2583.625
0	0	2079.416667
0	0	2727.25
0	0	2260.25
0	0	2361.583333
0	0	1597.916667
0	0	1221.916667
0	0	1735.333333
0	0	1689.166667
0	0	1807.916667
0	0	2597.458333
0	0	2046.125
0	0	2113.208333
0	0	2568.833333
0	0	2378.916667
0	0	1880.625
0	0	1553.583333
0	0	953.25
0	0	1039.375
0	0	970.375
0	0	995
0	0	1290.833333
0	0	1178
0	0	1502.083333
0	0	1513.125
0	0	2115.416667
0	0	1938.75
0	0	2263.083333
0	0	1630.166667
0	0	1336.666667
0	0	891.6666667
0	0	1889.791667
0	0	616.125
0	0	898.125
0	0	1161.25
0	0	951.375
0	0	1321.041667
0	0	874.1666667
0	0	358.9166667
0	0	1057.166667
0	0	813.0833333
0	0	2132.5
0	0	2035.666667
0	0	1800.833333
0	0	1580.833333
0	0	1075.333333
0	0	887.5
0	0	733.6666667
0	0	1094.375
0	0	852.5833333
0	0	533.75
0	0	1038.916667
0	0	1137.75
0	0	1555.958333
0	0	1989.416667
0	0	2440.416667
0	0	2391.708333
0	0	1775.416667
0	0	1641.583333
0	0	1600.125
0	0	1451.208333
1.8	0	690.0833333
0	1.8	671.3333333
0	0	1322.916667
0	0	1298.75
0	0	866.75
0	0	886.75
0	0	1558
0	0	1635.833333
0	0	1982.291667
0	0	2255.833333
0	0	2473
0	0	2336.666667
0	0	1300.833333
0	0	651.875
0	0	955
1	0	2404.166667
8.1	1	1773.333333
16	8.1	2042
13	16	2605.416667
6.3	13	3681.041667
0	6.3	4211.375
0	0	4755
0	0	4573.166667
0.1	0	4451.5
9.3	0.1	4045.833333
0.4	9.3	4254.583333
0.1	0.4	4083.333333
4.1	0.1	3552.083333
0	4.1	3208.333333
11	0	3416.25
0	11	3401.416667
53.9	0	3674.791667
0	53.9	3777.5
14.4	0	3804.333333
0	14.4	4196.708333
0.3	0	5017
0	0.3	5719.166667
0	0	5769.583333
0	0	6337.083333
5.3	0	6517.916667
0.2	5.3	5974.166667
0.5	0.2	5395.166667
0	0.5	5353.833333
0	0	4882.333333
19.1	0	5296.416667
42.8	19.1	5257
0	42.8	5587.666667
28.2	0	6044
0	28.2	6121
0	0	6079.916667
4.9	0	6671.666667
6.8	4.9	6862.75
49.9	6.8	7028.75
0	49.9	6566.75
0	0	6928.083333
0.2	0	6981.816667
9.7	0.2	7182.75
0.2	9.7	7408.833333
3.1	0.2	8131
2.9	3.1	8284.583333
0.2	2.9	8068.5
0	0.2	8418.333333
5.9	0	8857.916667
0.1	5.9	8626.25
3.2	0.1	9341.25
0	3.2	9377.916667
0	0	9105.833333
0	0	9194.583333
0	0	9593
0	0	9947.5
1	0	9810.583333
9.3	1	9295.208333
0.2	9.3	8957.25
3.7	0.2	9499.916667
24.4	3.7	9384.25
0.1	24.4	8919.208333
0.4	0.1	8939.666667
10.9	0.4	9181.666667
0.3	10.9	9622.416667
0.1	0.3	9481.958333
0	0.1	9848.583333
0.4	0	10159.16667
8.4	0.4	11480.41667
3.6	8.4	11492.08333
5.3	3.6	11290.41667
86.2	5.3	11210
0	86.2	10462.75
0	0	9917.166667
0	0	10278.75
0	0	10079.16667
0	0	9343.75
0	0	9990.833333
0.9	0	9625.166667
0	0.9	10732.5
0	0	11301.5
9.5	0	12007.58333
28.3	9.5	12779.58333
3	28.3	14608.75
0	3	14520.83333
0	0	14390
0.3	0	14214.58333
9.8	0.3	13600.41667
3.9	9.8	13497.25
10.6	3.9	14784.16667
16.8	10.6	14863.75
0.7	16.8	15107.08333
0.4	0.7	15715.83333
1.4	0.4	15860.83333
0	1.4	16065.83333
6.4	0	16820.41667
1.6	6.4	17012.5
9.2	1.6	17333.33333
11.2	9.2	17583.33333
10	11.2	17258.33333
0	10	16608.33333
4.7	0	16762.5
21.8	4.7	15725
69.4	21.8	15204.16667
34	69.4	14802.08333
4.7	34	13958.5
0	4.7	14053.75
0.3	0	13917.91667
1.1	0.3	15130.41667
0	1.1	15145.41667
0	0	16029.16667
2.8	0	15945.83333
0.8	2.8	15804.16667
11.2	0.8	16429.16667
1.2	11.2	15408.33333
0.2	1.2	15202.08333
8.1	0.2	15284.16667
0	8.1	14850.41667
0.8	0	14781.25
1.1	0.8	14677.91667
0	1.1	14457.08333
0.2	0	14245.83333
0	0.2	14922.08333
0	0	14659.16667
6.6	0	15275.83333
0	6.6	15925
0.2	0	15991.66667
0.2	0.2	15620.83333
5.4	0.2	15991.66667
0	5.4	15912.5
0	0	15710
0	0	15188.75
12.9	0	14137.5
10.1	12.9	14217.5
3.9	10.1	13718.75
16.7	3.9	14064.58333
0	16.7	14004.16667
5.2	0	14721.66667
1.2	5.2	15245
3.8	1.2	14682.5
0	3.8	15479.16667
0	0	15050
0.4	0	14708.33333
0	0.4	14872.91667
4.5	0	14390
31.3	4.5	13937.08333
0	31.3	13900.83333
24.5	0	13277.5
2.55	24.5	13322.08333
2	2.55	13221.25
0.3	2	12462.08333
3.7	0.3	13097.91667
0.1	3.7	13831.66667
1.35	0.1	13060.41667
16.25	1.35	13632.5
22.3	16.25	13429.16667
3.2	22.3	13440.83333
1.45	3.2	13816.66667
0.55	1.45	13971.66667
0	0.55	13214.16667
0	0	12669.16667
0	0	11196.66667
0	0	10596.66667
0	0	9999.166667
0.65	0	10517.08333
8.65	0.65	10847.08333
0	8.65	11241.91667
0	0	11961.25
0.05	0	12169.58333
1.5	0.05	12680.83333
11.45	1.5	12849.58333
0.3	11.45	12696.25
0	0.3	13077.5
0	0	12945.41667
12.25	0	12159.58333
0.15	12.25	11580.83333
21	0.15	11185.83333
2.95	21	11261.25
4.3	2.95	10933.75
0	4.3	10512.08333
31.9	0	10322.08333
0	31.9	10577.91667
0	0	10528.75
19.4	0	10795.83333
3.4	19.4	11284.16667
5.8	3.4	10553.75
15	5.8	9162.333333
1.5	15	9353.916667
49.5	1.5	8989.5
0	49.5	7131.166667
0	0	6709
3.5	0	6662
0	3.5	6709.833333
0	0	6725.5
0	0	6880.625
2.5	0	6711.25
0	2.5	6658.333333
0.2	0	6766.666667
7.3	0.2	7151.666667
0.6	7.3	7887.916667
37.8	0.6	8334.833333
10.9	37.8	8093.333333
5.1	10.9	7928.25
0	5.1	7646.833333
0	0	7035.833333
50.6	0	6320.416667
3.2	50.6	5921.5
34.8	3.2	5695.083333
0	34.8	5662.791667
7.3	0	6087.458333
0	7.3	5310.333333
0	0	5015.333333
12.2	0	5123.416667
0	12.2	5306.666667
0	0	5228
0	0	5865.416667
0	0	5851.416667
0	0	5694.166667
0	0	5015.666667
0	0	4193.666667
0	0	4360
0	0	4530
0	0	4620
0	0	4080
0	0	4300
0	0	4380
0	0	4050
0	0	4090
0	0	4990
0	0	5310
0	0	4970
0	0	4860
0	0	5210
0	0	4260
5	0	3230
4.7	5	3850
0	4.7	3620
5.2	0	3510
0.2	5.2	3170
0	0.2	3440
0.5	0	3290
0	0.5	3520
0	0	3390
0	0	3330
0	0	4090
0	0	4420
0	0	3600
0	0	2820
0	0	2320
0	0	3460
0	0	3350
0	0	3070
0	0	2210
0	0	606
0	0	2670
0	0	2430
0	0	2400
0	0	3020
0	0	2960
0	0	2380
0	0	2570
0	0	2190
0	0	2470
0	0	2500
0	0	2360
0	0	2760
0	0	2590
0	0	2420
0	0	1700
0	0	1570
0	0	1950
0	0	1470
0	0	1900
0	0	1920
0	0	2260
0	0	1990
0	0	2110
0	0	2540
0	0	2450
0	0	2500
0	0	2050
0	0	2160
0	0	1660
0	0	1640
0	0	2030
0	0	1410
0	0	970
0	0	1060
0	0	1490
0	0	959
0	0	911
0	0	1740
0	0	2120
0	0	2610
0	0	2380
0	0	1500
0	0	1080
0	0	1070
0	0	211
0	0	838
0	0	946
0	0	1200
0	0	1200
0	0	1010
0	0	1320
0	0	1500
0	0	2540
0	0	2420
0	0	1570
0	0	1330
0	0	1220
0	0	1240
0	0	1310
0	0	1370
0	0	1400
0	0	1100
0	0	1320
0	0	1320
0	0	509
0	0	884
0	0	1110
0	0	1980
0	0	1660
0	0	1790
0	0	1430
0	0	1320
0	0	1140
0	0	1270
0	0	886
0	0	592
0	0	802
0	0	506
0	0	618
0	0	2130
16.2	0	1730
9.5	16.2	2150
0	9.5	1340
0	0	1320
0	0	1460
0	0	1280
0	0	130
0	0	991
0	0	818
0	0	1770
0	0	1130
0	0	1480
0	0	1170
0	0	628
0	0	1300
0	0	1530
0	0	2010
0	0	3000
0	0	3100
2.2	0	2770
0	2.2	1850
0	0	1380
0	0	1480
0	0	1340
0	0	1480
0	0	1200
0	0	1700
0	0	2110
0	0	2570
0	0	2680
0	0	3100
0	0	3040
13	0	2530
12.4	13	2610
0	12.4	2440
0	0	1650
18	0	1460
0	18	2520
4.2	0	1890
22.2	4.2	2090
4.8	22.2	2380
17.6	4.8	2690
0.1	17.6	3460
22.2	0.1	4260
0	22.2	4510
0	0	4500
36.4	0	4600
0	36.4	3600
0.9	0	3300
25.2	0.9	2730
0	25.2	2250
12.7	0	2290
15.5	12.7	1750
3.4	15.5	2200
10.6	3.4	2880
7.3	10.6	3210
12.5	7.3	3000
10.5	12.5	2720
13.4	10.5	3590
3	13.4	3780
7	3	4280
26.3	7	4090
1.3	26.3	3960
13.3	1.3	4200
0	13.3	4220
0	0	4070
0	0	3780
7.3	0	3650
0	7.3	34190
0	0	4010
0	0	3880
0	0	4770
0	0	5770
0	0	5450
0	0	5530
0	0	5120
29.7	0	5750
5.1	29.7	4450
0.8	5.1	4340
0	0.8	4080
0	0	3940
1.3	0	3820
0.9	1.3	3950
0	0.9	4290
0	0	5020
0	0	5450
1.8	0	6030
1.1	1.8	5920
0.4	1.1	6500
0	0.4	7640
11.6	0	6740
0	11.6	6260
25.1	0	6240
0	25.1	5580
8.3	0	5510
0.6	8.3	6700
16.4	0.6	6830
0.8	16.4	7060
25.9	0.8	7040
0	25.9	7640
4.7	0	7790
4.4	4.7	8180
13.8	4.4	8210
44.6	13.8	8700
0.8	44.6	9480
0.2	0.8	9110
0	0.2	8020
12.4	0	7600
0	12.4	7560
6.5	0	7360
0	6.5	6410
27.8	0	6880
6.5	27.8	7290
35	6.5	7650
111.4	35	8190
33.4	111.4	9100
26.6	33.4	9330
0	26.6	10000
0	0	9790
31.2	0	10500
4.3	31.2	10100
1.4	4.3	9550
0	1.4	8360
0	0	8730
8.1	0	9000
9	8.1	8380
39.7	9	7930
59.4	39.7	8980
13.3	59.4	9260
1	13.3	9070
0	1	9460
0	0	10900
0	0	11700
0	0	11800
1.2	0	11500
0.6	1.2	11300
0.2	0.6	10200
0	0.2	10600
0.3	0	10100
3.5	0.3	10100
37.9	3.5	9960
21.4	37.9	10100
28.5	21.4	11000
0	28.5	11200
0	0	11700
0	0	12600
0	0	13500
0	0	14400
1.9	0	14400
0.8	1.9	14100
0	0.8	14400
55.3	0	13400
3.1	55.3	12800
5	3.1	12500
0	5	11700
0	0	10400
3.5	0	10400
7.9	3.5	10900
2	7.9	11300
0	2	12400
0	0	13100
11	0	13800
5.4	11	13800
1.2	5.4	13600
1.4	1.2	12800
16.7	1.4	12600
9.4	16.7	10800
7.6	9.4	11100
1.2	7.6	11000
0	1.2	11400
0.4	0	11500
32.4	0.4	11900
15.7	32.4	11700
6	15.7	11900
0.6	6	12900
9.5	0.6	12800
1.1	9.5	12600
0.4	1.1	12100
26.3	0.4	11700
17.8	26.3	11800
0.3	17.8	11800
2.3	0.3	9930
6.8	2.3	9280
8.6	6.8	8910
0	8.6	8350
0.8	0	8850
2.3	0.8	8870
6.9	2.3	9160
25.5	6.9	9810
27.7	25.5	10600
10.1	27.7	10800
1.5	10.1	11000
0.3	1.5	11000
2.1	0.3	10800
0	2.1	10000
0	0	9180
11.1	0	8980
43.5	11.1	8210
20.5	43.5	8360
6.9	20.5	8150
1.3	6.9	8350
11.4	1.3	8350
47.9	11.4	8140
19.3	47.9	8280
0	19.3	7810
0.5	0	8980
20.8	0.5	8970
3.9	20.8	8690
0.3	3.9	7960
0.1	0.3	7870
8.1	0.1	6900
0	8.1	5620
20.6	0	5900
0	20.6	5900
0.1	0	5510
0.2	0.1	5520
2.5	0.2	4400
1.5	2.5	5680
0	1.5	6520
0	0	6400
0	0	6770
0	0	7270
0.3	0	6290
0.3	0.3	6180
0.3	0.3	5290
4.5	0.3	4490
3.4	4.5	4160
3.9	3.4	4120
16.3	3.9	4670
0	16.3	4460
0.7	0	4160
0	0.7	4000
0	0	4120
0	0	4910
0	0	4600
0	0	4860
37.6	0	4680
60.5	37.6	4990
0	60.5	4560
8.3	0	4030
0	8.3	3500
4.5	0	3230
0	4.5	2640
0	0	2550
11.5	0	3060
0	11.5	2920
0	0	2910
0	0	3510
0	0	3990
0	0	4300
0	0	4540
0	0	3760
0	0	3040
0	0	2650
0	0	2810
0.1	0	2790
0	0.1	2220
0	0	2300
0	0	2020
0	0	2360
0	0	2910
0	0	1910
0	0	2060
0	0	2310
0	0	2120
0	0	2700
0	0	2980
0	0	1900
0	0	1290
0	0	2300
0	0	1430
0	0	1480
0.3	0	478
0.4	0.3	1310
0	0.4	761
0	0	1580
0	0	1400
0	0	1660
0	0	1970
14.5	0	1680
14.4	14.5	1860
0	14.4	1510
0	0	1220
2.3	0	1970
0	2.3	1280
1.3	0	1300
0	1.3	717
0	0	731
0	0	394
0	0	498
0	0	1020
0	0	1070
0	0	1040
0	0	1860
0	0	1120
0	0	1180
0	0	960
0	0	1580
0	0	696
0	0	1390
0	0	929
0	0	1010
0	0	1090
0	0	995
0	0	791
0	0	1280
0	0	1570
0	0	1160
0	0	864
0	0	1660
0	0	1320
0	0	1420
0	0	1760
0	0	1580
0	0	962
0	0	856
0	0	848
0	0	1200
0	0	660
0	0	1010
0	0	163
0	0	273
0	0	1370
0	0	1150
0	0	327
0	0	633
0	0	1420
0	0	1810
0	0	1230
0	0	561
0	0	872
0	0	269
0	0	440
0	0	350
0	0	655
0	0	674
0	0	944
0	0	827
0	0	391
0	0	654
0	0	1100
0	0	1680
0	0	1620
0	0	572
0	0	590
0	0	285
0	0	323
0	0	587
0	0	0
0	0	214
0	0	113
0	0	106
0	0	825
0	0	930
0	0	1390
0	0	1790
0	0	1670
0	0	1350
0	0	585
0	0	772
0	0	343
0	0	483
0	0	547
0	0	729
0	0	0
0	0	0
0	0	877
0	0	1280
0	0	984
0	0	1170
0	0	1640
0	0	1920
0	0	1870
0	0	1910
0	0	1090
0	0	916
0	0	974
0	0	94.4
0	0	363
0	0	902
0	0	444
8	0	1660
0.3	8	2540
0	0.3	3310
0	0	2950
0	0	2110
0	0	2050
0	0	2200
0	0	2230
0	0	1490
0	0	1920
0	0	827
0	0	1220
0	0	1380
0	0	1200
0	0	1650
0	0	1710
0	0	2090
0	0	1970
0	0	2330
0	0	2020
0	0	2230
8.6	0	1680
0.4	8.6	1700
7.6	0.4	1140
3.7	7.6	1690
0	3.7	2110
0	0	2130
8.9	0	2710
0.2	8.9	4540
0.1	0.2	4470
0	0.1	3740
4.2	0	4330
7.3	4.2	4150
4.2	7.3	4440
0	4.2	3650
0	0	3560
5.1	0	4560
54.9	5.1	4580
1.3	54.9	4350
0	1.3	5170
0	0	4840
0	0	4590
0	0	4610
8.3	0	4770
2.1	8.3	5250
19.7	2.1	5540
0	19.7	5790
0	0	6120
0	0	6190
0	0	5710
0	0	5310
5.1	0	5260
0	5.1	4390
0.1	0	4580
4.4	0.1	4240
16	4.4	3940
3.5	16	3860
24.7	3.5	4620
9.8	24.7	4740
7.1	9.8	5510
0.9	7.1	5470
0.2	0.9	5680
2.5	0.2	5400
2.1	2.5	5430
15.3	2.1	5440
11.1	15.3	4910
2.9	11.1	4510
14.9	2.9	4200
16	14.9	4820
0.6	16	5000
0	0.6	4030
0.1	0	5120
0.4	0.1	4970
0.1	0.4	5140
0	0.1	5770
0	0	6440
0	0	6940
0	0	7790
0	0	7950
0	0	7580
0	0	7680
0	0	8170
0	0	8400
0.5	0	8800
16.8	0.5	9200
0	16.8	9190
0	0	9350
0	0	9710
0	0	9800
3.9	0	10700
23	3.9	11200
37.2	23	11300
4.1	37.2	11600
1.1	4.1	11400
4.8	1.1	10700
0.3	4.8	11000
0.4	0.3	10800
31.9	0.4	11100
16.2	31.9	10300
13.4	16.2	10500
0.6	13.4	10700
4.7	0.6	10600
25.2	4.7	10500
16.2	25.2	11000
12.5	16.2	11800
0.2	12.5	13100
0.7	0.2	13900
11.9	0.7	14700
6.6	11.9	13700
10	6.6	13200
1.8	10	12500
0.3	1.8	12500
0.5	0.3	11400
1.9	0.5	10600
23.3	1.9	10700
33.4	23.3	11900
32	33.4	12100
9	32	13200
0	9	13500
4.9	0	14700
5.3	4.9	15000
1.9	5.3	15100
0.4	1.9	14800
14.6	0.4	14100
2.1	14.6	13800
2.7	2.1	13400
0	2.7	13400
0	0	13800
0	0	12800
0	0	12000
20.8	0	13300
0.4	20.8	13400
6.7	0.4	13300
0.7	6.7	14700
28.2	0.7	15200
0.5	28.2	15600
7	0.5	15100
0	7	15100
0.6	0	15100
0	0.6	15000
0.8	0	15200
8.5	0.8	14100
4.3	8.5	13600
1.4	4.3	14000
0.2	1.4	14000
0.4	0.2	15100
0	0.4	15100
19	0	15100
0.1	19	15700
51	0.1	15500
0	51	14800
0.4	0	14100
0.3	0.4	14700
2.4	0.3	14300
0	2.4	14300
0	0	13700
0	0	12900
7.6	0	11700
4.1	7.6	11500
0.1	4.1	11600
2.6	0.1	11500
38.3	2.6	11900
0.2	38.3	12300
42.5	0.2	13000
7.8	42.5	13100
1.9	7.8	12700
10.7	1.9	12600
32.1	10.7	11600
0	32.1	11200
0	0	10600
6.7	0	11100
4.1	6.7	10100
0.3	4.1	9890
8	0.3	10300
9.4	8	10200
0	9.4	9820
12.6	0	10700
2.2	12.6	10700
17.3	2.2	11100
0.2	17.3	11100
47.3	0.2	10700
26.3	47.3	10400
10.6	26.3	9370
0	10.6	9480
6.2	0	8990
14.7	6.2	7350
0	14.7	6740
13.2	0	6850
0	13.2	6410
0	0	6750
13	0	6580
1.5	13	6710
0	1.5	8180
12.6	0	8030
0	12.6	7880
0	0	7950
0	0	7920
0	0	7080
33.6	0	5630
0	33.6	5340
0	0	5700
0	0	5360
0	0	5710
0	0	5660
18.9	0	5190
6.2	18.9	5640
7.1	6.2	5540
0	7.1	6390
33.6	0	6840
0.1	33.6	5980
0	0.1	5680
0	0	6320
5.5	0	6170
8.9	5.5	4160
0	8.9	3720
0	0	4140
14.8	0	3990
0	14.8	4060
0	0	4330
13	0	4870
1.8	13	4310
0	1.8	4610
0	0	5020
0	0	5090
0	0	5480
0	0	5170
2.2	0	4110
0	2.2	3540
0	0	3320
0	0	3410
0.5	0	3470
37.4	0.5	3820
0	37.4	2990
0	0	3890
2.2	0	3590
21.9	2.2	4180
0	21.9	3560
0	0	3610
0	0	3680
2.7	0	3800
5.7	2.7	4100
0	5.7	3920
0.5	0	2710
0	0.5	2180
0	0	1990
0	0	2470
0.2	0	2390
0	0.2	2040
0	0	2240
0.2	0	1990
0.5	0.2	2830
0	0.5	2910
0	0	3250
0	0	3140
0	0	2880
0	0	2370
0	0	1990
0	0	2280
0	0	2380
0	0	2720
0	0	1990
0	0	1930
0	0	1670
0	0	1590
0	0	1920
0	0	1360
0	0	1470
0.5	0	1830
0	0.5	1770
0	0	1730
0	0	1620
0	0	1250
0	0	1380
0	0	1890
0	0	1330
0	0	1510
0	0	854
0	0	720
0	0	734
0	0	649
0	0	1250
0	0	1420
0	0	1370
0	0	1130
0	0	1510
0	0	1280
0	0	1140
0	0	251
0	0	1180
0	0	1480
0	0	1100
0	0	1320
0	0	1580
0	0	1070
0	0	525
0	0	579
0	0	676
0	0	1460
0	0	0
0	0	683
0	0	961
0	0	1990
0	0	1100
0	0	1000
0	0	330
0	0	721
0	0	380
0	0	602
0	0	760
0	0	1020
0	0	867
0	0	1180
0	0	535
0	0	1110
0	0	1730
0	0	1870
0	0	1490
0	0	1440
0	0	1030
0	0	826
0	0	1260
0	0	1320
0	0	474
0	0	621
0	0	863
0	0	1280
0	0	884
0	0	405
0	0	0
0	0	1110
0	0	2320
0	0	1980
0	0	583
0	0	755
0	0	1030
2.6	0	1180
0	2.6	0
0	0	778
0	0	461
0	0	559
0	0	676
0	0	989
0	0	1320
0	0	1740
0	0	1730
0	0	1860
0	0	1640
0	0	1200
0	0	1330
0	0	1300
2.2	0	750
0	2.2	871
0	0	1040
0	0	860
0	0	915
0	0	973
0	0	1510
0	0	2670
0	0	2700
0	0	1770
0	0	1690
0	0	1010
0	0	1460
0	0	907
0	0	985
0	0	1510
0	0	1650
0	0	959
0	0	888
0	0	1220
0	0	1120
0	0	1430
0	0	1990
0	0	2030
0	0	1930
0	0	1590
0	0	2130
0	0	1080
0	0	1190
0	0	1170
0	0	741
0	0	980
0	0	1060
0	0	1660
0	0	1790
0	0	2260
0	0	2920
0	0	2630
0	0	2840
0.5	0	1750
0	0.5	2050
0	0	2120
0	0	1170
0.2	0	1630
0	0.2	1620
0	0	1780
0	0	1710
0	0	1390
0	0	1710
0	0	2040
0.1	0	2420
0.8	0.1	2440
15.7	0.8	2300
0.3	15.7	2060
0.1	0.3	1690
0.2	0.1	2070
2.4	0.2	1910
38.4	2.4	1610
0	38.4	1970
0.9	0	2420
0.8	0.9	2010
0	0.8	1770
1.6	0	3220
0	1.6	3760
0	0	4050
0	0	4190
0	0	4310
0	0	4390
0	0	5190
0	0	4600
1.2	0	5410
17	1.2	6390
0.5	17	6200
3	0.5	6470
15.5	3	6850
45.6	15.5	7030
0	45.6	7000
1.3	0	6960
2.8	1.3	6810
0	2.8	6900
10.5	0	6800
16.6	10.5	7010
11	16.6	7260
3	11	6230
0	3	5750
0.3	0	5470
0	0.3	4750
0	0	5090
0	0	4650
0	0	4280
0.9	0	5010
18.4	0.9	4650
0	18.4	5190
62.2	0	5930
0	62.2	7010
0	0	8850
0	0	10400
0	0	10800
0	0	10600
0	0	10600
3.3	0	10200
0	3.3	10400
1.3	0	9900
7.6	1.3	10300
0	7.6	10400
3.4	0	10600
5	3.4	10500
2.2	5	11200
2.1	2.2	11800
0.3	2.1	12100
21.8	0.3	13000
3	21.8	13400
0.9	3	13800
12.2	0.9	13500
0	12.2	13200
0	0	12400
10.5	0	12600
8	10.5	11600
0	8	12300
0.7	0	12400
0	0.7	13900
0	0	13800
1.2	0	14900
10.2	1.2	15100
4	10.2	15600
2.4	4	15600
8.9	2.4	15800
12.2	8.9	15400
15.4	12.2	15200
0	15.4	14700
1.5	0	14700
49.9	1.5	14000
3.3	49.9	13700
11.3	3.3	13800
37.3	11.3	13400
11.9	37.3	13700
7.6	11.9	14400
0	7.6	14900
0.6	0	15000
6.7	0.6	15500
0.5	6.7	16300
3	0.5	16000
0	3	15300
4.8	0	14700
0	4.8	14300
0	0	13800
0	0	12600
8.8	0	12800
16.5	8.8	13400
3	16.5	13700
2.5	3	14400
0	2.5	15300
0	0	16100
11.9	0	16100
5.4	11.9	15500
0.3	5.4	15600
0.1	0.3	15000
0	0.1	14600
0.1	0	14700
0	0.1	14400
0	0	14300
0	0	14200
1.1	0	13700
15.8	1.1	14300
13.6	15.8	13500
10.5	13.6	14200
3.1	10.5	14600
2.8	3.1	14800
19.2	2.8	15000
0.3	19.2	15800
9.1	0.3	15300
0	9.1	14400
0	0	14300
4.7	0	13200
2.1	4.7	13300
10.1	2.1	13000
0	10.1	12000
16.2	0	11600
50.1	16.2	13200
19.4	50.1	13500
19.7	19.4	13500
0.5	19.7	14100
1.6	0.5	14400
0	1.6	14200
87.5	0	14000
20.8	87.5	13400
2.9	20.8	13200
0	2.9	13000
4.1	0	12500
0	4.1	12100
0	0	11300
10.7	0	10500
2.6	10.7	9730
15.8	2.6	10100
0.1	15.8	11100
0	0.1	10900
5.6	0	11200
0	5.6	11900
6.2	0	11400
0.7	6.2	11500
0	0.7	11200
52.8	0	10400
0.2	52.8	9620
0	0.2	8570
31.8	0	7820
11	31.8	8050
0	11	8190
0.6	0	9030
0.4	0.6	8110
6.2	0.4	8870
29.2	6.2	9230
4.8	29.2	9160
0	4.8	9260
14.7	0	9230
1.3	14.7	9310
10.3	1.3	9230
1.1	10.3	9270
7.6	1.1	9240
3.6	7.6	8420
31	3.6	7030
40.2	31	7200
2.8	40.2	6990
24.3	2.8	7250
0.2	24.3	7080
0	0.2	6980
0	0	7090
0	0	7290
17.3	0	7380
0	17.3	7500
0	0	7710
0.8	0	6970
22.8	0.8	6430
24.5	22.8	5940
87	24.5	5410
16.1	87	5290
4	16.1	5420
12.6	4	5200
0.2	12.6	6050
0	0.2	6430
0	0	6730
0	0	6330
0	0	4520
0	0	4890
0	0	5430
28.6	0	5040
0.5	28.6	4960
6.4	0.5	4310
2.1	6.4	4920
0.7	2.1	4610
0	0.7	4080
0	0	4110
1.1	0	4090
7.3	1.1	3960
0.1	7.3	3990
16.3	0.1	4060
43.2	16.3	4530
5	43.2	4440
0	5	4340
40.4	0	4630
0	40.4	3990
11.7	0	3740
0	11.7	3190
0	0	3730
0	0	3670
5.6	0	3410
12.8	5.6	3480
8	12.8	3110
1.7	8	3540
0	1.7	3650
0	0	3300
6.2	0	3140
32.8	6.2	3270
0	32.8	2610
2.2	0	2380
0.4	2.2	3000
1.9	0.4	2920
0	1.9	2450
0	0	2620
0	0	2320
8.5	0	2430
3.1	8.5	2100
0	3.1	1350
0	0	1610
0	0	1810
1.5	0	2510
32.1	1.5	2320
0	32.1	2560
0	0	2750
0	0	1420
0	0	2480
0	0	2310
5.4	0	2590
3.8	5.4	1450
0.1	3.8	1770
0	0.1	2050
0	0	2030
0	0	1900
0	0	1670
0	0	1520
0	0	1450
0	0	1740
0	0	1350
0	0	1320
0	0	1220
0	0	795
0	0	1330
0	0	1600
0	0	1970
0	0	1580
0	0	1320
0	0	605
0	0	0
0	0	1040
0	0	813
0	0	1150
0	0	1230
0	0	647
0	0	331
0	0	1170
0	0	1560
0	0	1910
0	0	1180
0	0	1280
0	0	880
0	0	1250
9.6	0	796
0	9.6	546
1.3	0	1020
0	1.3	568
0	0	942
0.2	0	539
0	0.2	906
0	0	627
0	0	1240
0	0	1350
0	0	1660
0	0	961
0	0	923
0	0	479
0	0	0
0	0	2.5
0	0	121
0	0	774
0	0	1170
0	0	773
0	0	1030
0	0	1080
0	0	1480
0	0	1870
0	0	1620
0	0	1520
1.6	0	1320
0	1.6	663
0	0	1210
0	0	781
0	0	61.3
0	0	234
0	0	300
0	0	0
0	0	0
0	0	356
0	0	417
0	0	1830
0.1	0	1950
97.1	0.1	1640
0	97.1	1260
0	0	863
0	0	835
0	0	434
0	0	182
0	0	7.08
0	0	955
0	0	630
0	0	574
0	0	862
0	0	1480
0	0	1750
0	0	2590
0	0	1800
0	0	1610
0	0	1290
14.2	0	993
0	14.2	448
0	0	886
2.8	0	1560
0	2.8	761
0	0	595
0	0	809
0	0	1200
4.8	0	1580
0.1	4.8	2160
0.2	0.1	3120
0	0.2	3490
0	0	2250
0	0	888
0	0	1440
0	0	1270
0.3	0	963
0	0.3	1610
0	0	1400
0	0	1180
0	0	1820
0	0	2070
0	0	2750
0	0	2670
0	0	3040
23.8	0	2860
0	23.8	3350
26.9	0	2730
43	26.9	2410
0	43	2380
15.8	0	2190
0	15.8	2250
0.1	0	1750
0	0.1	1830
0	0	1720
0	0	2040
1.5	0	2020
0	1.5	2070
0	0	2600
0	0	3090
5.8	0	2820
4.1	5.8	2630
3	4.1	1890
2.6	3	2180
1.1	2.6	2030
0	1.1	1800
36.2	0	2280
10.4	36.2	2260
15.8	10.4	2060
6.5	15.8	2780
0	6.5	3000
16.8	0	3800
0.9	16.8	3970
0.8	0.9	4060
37.5	0.8	4150
0	37.5	4760
36.8	0	5820
0	36.8	6330
0	0	6600
5.4	0	6570
0.4	5.4	6550
17.3	0.4	5890
0	17.3	5830
1.9	0	5540
5	1.9	5290
5	5	6440
0.9	5	6190
13.2	0.9	7160
0	13.2	6980
0	0	7320
0	0	7790
0	0	7430
0	0	6820
3.7	0	6470
0.4	3.7	6690
13	0.4	7300
0.3	13	7810
0.3	0.3	8170
6.4	0.3	8980
0.7	6.4	8730
15	0.7	9680
0.7	15	9360
2.4	0.7	10300
7.5	2.4	10400
0	7.5	11000
0.1	0	11000
0	0.1	11300
2.9	0	10400
15.8	2.9	10000
14.6	15.8	10400
1.5	14.6	10500
8.7	1.5	9120
3.5	8.7	9370
22.4	3.5	9860
0	22.4	9850
4.4	0	10400
9.7	4.4	11700
1.8	9.7	12400
0.1	1.8	12800
0	0.1	13500
3.4	0	13000
29.6	3.4	12700
12	29.6	13000
1.8	12	12400
1.3	1.8	12400
9.9	1.3	12400
0	9.9	12100
18.3	0	12500
12.2	18.3	12500
0	12.2	12400
0	0	13300
1	0	14000
0.5	1	15000
3.6	0.5	15400
2.8	3.6	15700
0	2.8	15600
0	0	14800
0	0	14500
9.2	0	14500
0	9.2	12400
21	0	12600
0.2	21	13000
2.2	0.2	12400
0	2.2	12100
1.9	0	13100
0.3	1.9	14000
16.5	0.3	14700
4.5	16.5	15300
2.8	4.5	14900
20	2.8	15200
1.1	20	14700
230.4	1.1	13800
0	230.4	13900
0	0	13300
15.5	0	12200
5.8	15.5	11700
6.6	5.8	12100
10.3	6.6	12900
0	10.3	13600
0	0	13800
3.4	0	14100
0	3.4	13900
0	0	14900
0	0	14800
0.5	0	14600
0	0.5	14100
1	0	13600
0.3	1	12900
13.5	0.3	12000
5.4	13.5	11000
13.7	5.4	11400
39.6	13.7	11700
0.5	39.6	12800
0.1	0.5	14300
0	0.1	15500
0	0	15800
0	0	16100
4.4	0	16300
0	4.4	15700
0	0	15700
40.3	0	15400
3.5	40.3	14100
0	3.5	14100
17.7	0	13800
21.2	17.7	13600
0	21.2	13400
29.1	0	13600
0	29.1	13400
1.3	0	14100
0	1.3	14600
1.9	0	14300
0.2	1.9	14900
0.1	0.2	15400
2.7	0.1	14500
16.8	2.7	14600
0	16.8	12300
19.9	0	11000
57.1	19.9	10200
35.3	57.1	9980
9.7	35.3	10100
24.4	9.7	10000
0	24.4	10400
0	0	11600
13.3	0	12200
27.9	13.3	12600
1.6	27.9	12300
35.2	1.6	12800
16	35.2	12800
11	16	12100
3.1	11	12000
0	3.1	11100
39.4	0	10500
10.3	39.4	10100
6.1	10.3	9100
0.9	6.1	9290
0	0.9	8920
4	0	8900
14.8	4	8420
12.7	14.8	8350
8	12.7	9560
0.7	8	9330
0	0.7	9530
0	0	9700
0	0	8480
10.1	0	7670
0	10.1	6070
0	0	5930
0	0	6170
16.8	0	5850
33.8	16.8	5090
30.2	33.8	5550
0	30.2	5470
0	0	5790
0	0	6100
0	0	6560
0	0	6500
8.5	0	6620
2.4	8.5	6200
0	2.4	5730
7.4	0	5230
0	7.4	3970
0	0	4520
0	0	4560
0	0	4250
21.6	0	4010
0	21.6	3940
0	0	4850
21.5	0	4400
0	21.5	4800
0	0	4180
0	0	4500
0	0	5010
0	0	4890
0	0	4640
0	0	3690
0	0	3540
0	0	3200
0	0	3460
0	0	3290
0	0	3500
0	0	3580
0	0	3600
0	0	3570
0	0	4100
0	0	4270
0	0	4080
0	0	4020
0	0	4100
22.4	0	3270
0	22.4	2830
0	0	3230
0	0	2600
0	0	2470
38.5	0	3170
11.2	38.5	2230
0	11.2	2300
0	0	2160
0	0	2190
0	0	2610
0	0	2200
0	0	2640
0	0	3080
0	0	1630
0	0	1680
0	0	2830
0	0	2640
0	0	2020
0	0	2130
0	0	1890
0	0	1530
0	0	1180
0	0	2040
0	0	2480
0	0	1750
0	0	2260
0	0	2140
0.7	0	1430
8.7	0.7	1190
0	8.7	2080
0	0	2080
2.4	0	1880
0.2	2.4	1400
0.1	0.2	1660
0	0.1	1630
0	0	1270
0	0	1560
0	0	1240
0	0	1250
0	0	1780
0	0	1750
0	0	1790
6.4	0	1010
0	6.4	1130
0	0	1790
0	0	1920
0	0	1500
0	0	1210
0	0	944
0	0	878
0	0	919
0	0	1280
0	0	890
0	0	854
0	0	218
0	0	242
0	0	418
0	0	693
0	0	1250
0	0	1990
0	0	1800
0	0	1330
0	0	736
0	0	813
0	0	556
0	0	267
0	0	548
0	0	733
0	0	869
0	0	1480
0	0	703
0	0	1580
0	0	2120
0	0	1940
0	0	1400
0	0	1080
0	0	1150
0	0	1200
0	0	1070
0	0	557
0	0	256
0	0	573
0	0	257
0	0	364
0	0	17.33333333
0	0	359
0	0	524
0	0	916
0	0	1740
0	0	1480
0	0	1280
0	0	834
4	0	303
0	4	497
0	0	0
0	0	433
0	0	17.16666667
0	0	600
0	0	1040
0	0	1400
0	0	1740
0	0	1770
0	0	1730
0	0	1210
0	0	1540
1.1	0	1500
0	1.1	1002
1.6	0	1070
62.3	1.6	652
8.2	62.3	1490
1.3	8.2	1790
1.2	1.3	1310
0	1.2	1610
0	0	1050
0	0	987
0	0	2420
0	0	2500
0	0	3060
0	0	2230
0	0	2580
0	0	1890
0	0	1950
0	0	2020
0	0	2160
0	0	1850
0	0	2080
0	0	2610
0	0	2910
0	0	3280
0	0	3110
0	0	3290
0	0	2530
0	0	2070
1.5	0	1570
3.6	1.5	1400
0	3.6	1340
0	0	1180
2	0	1300
0	2	1770
0	0	2050
0	0	2400
0	0	2460
0	0	2900
1.1	0	3010
9	1.1	3040
1.3	9	3060
38.7	1.3	3270
0	38.7	3400
0	0	1650
0	0	1340
1	0	1240
0	1	1390
0	0	1750
3.6	0	1580
0.5	3.6	2020
6.5	0.5	1820
0	6.5	2340
0	0	2570
108.1	0	2780
18.3	108.1	3670
44.1	18.3	3590
0	44.1	3630
19.7	0	3520
0.6	19.7	3180
0	0.6	3390
0	0	3010
0	0	2160
0	0	2680
0	0	2750
0	0	2370
0	0	2810
0	0	3630
0	0	5280
3.7	0	6150
0.5	3.7	7510
4.4	0.5	7910
0.3	4.4	7830
0.8	0.3	7200
0	0.8	7400
6.6	0	6050
3.1	6.6	5490
9.3	3.1	5190
0.5	9.3	5050
0	0.5	5950
14.4	0	5250
0	14.4	5290
0	0	5410
0	0	5740
8.6	0	5470
1	8.6	5740
0	1	5840
11.9	0	5910
20	11.9	5210
35	20	5040
10.6	35	4650
0.4	10.6	4190
0.6	0.4	4050
4	0.6	5320
13.6	4	4770
16.3	13.6	5130
0.2	16.3	4870
0.1	0.2	5660
13.7	0.1	5940
0	13.7	7430
0.9	0	8060
0.1	0.9	9210
4.2	0.1	9340
0	4.2	9720
1.1	0	9170
0.6	1.1	9200
0	0.6	9320
11.1	0	9090
12.5	11.1	9050
1.2	12.5	10100
13.7	1.2	10200
1.6	13.7	10700
4.2	1.6	11300
0.4	4.2	11500
0.4	0.4	12200
1.6	0.4	12900
0.6	1.6	12800
0	0.6	12100
0.4	0	11500
10.1	0.4	11600
0.5	10.1	10400
1.8	0.5	9660
0	1.8	9610
0	0	9150
0	0	9610
1	0	10200
0	1	10600
0	0	10500
0	0	11500
0	0	12700
0	0	12100
0.6	0	12100
23.6	0.6	11000
10	23.6	11000
0.6	10	10200
4.1	0.6	9710
0	4.1	9880
2	0	10300
0	2	10100
17.9	0	10500
18	17.9	11500
29.5	18	12100
63.9	29.5	13400
1.5	63.9	13900
0	1.5	14000
0	0	13900
0	0	13000
0	0	12600
0	0	11600
0	0	11200
14	0	10900
2.7	14	10900
0	2.7	11300
0	0	11400
25.2	0	11100
5.1	25.2	12300
0	5.1	13600
0	0	13700
0.1	0	14200
2.2	0.1	13300
1.8	2.2	12900
1.7	1.8	13200
11.3	1.7	12100
12	11.3	12000
0	12	11900
1.2	0	12500
17.4	1.2	12300
31.8	17.4	12800
1.9	31.8	12600
0	1.9	13900
0	0	13600
0	0	14500
7.2	0	15200
0	7.2	15400
0	0	15100
0.6	0	14300
2.2	0.6	13700
12.3	2.2	13700
1.3	12.3	13400
11	1.3	13800
0.4	11	12000
3.2	0.4	11300
13.2	3.2	11900
14.1	13.2	11500
24.5	14.1	13100
8.9	24.5	13500
0	8.9	13400
0	0	13300
0	0	14000
27.5	0	13300
0.9	27.5	12100
4.5	0.9	12100
0.6	4.5	11100
0	0.6	10700
0	0	11300
0.6	0	10300
39	0.6	10000
12.5	39	10300
15.3	12.5	10900
0	15.3	10200
0	0	11000
3.8	0	11400
0	3.8	11500
0	0	11700
32.2	0	11100
4.3	32.2	10600
40.7	4.3	10500
36.3	40.7	11300
0.8	36.3	10700
21.7	0.8	9820
0	21.7	8930
29.8	0	8240
17.4	29.8	8620
24.8	17.4	9020
0.8	24.8	8910
11.2	0.8	9410
2.2	11.2	10300
30.6	2.2	10100
0	30.6	9990
1.9	0	9570
17.2	1.9	8430
4	17.2	8620
0.2	4	7510
0	0.2	7060
0	0	6880
0	0	7520
0	0	6800
0.5	0	6580
11.3	0.5	6630
0	11.3	6240
19	0	6540
0	19	6940
0	0	7000
0	0	6530
0	0	6410
0	0	5980
0	0	5320
9.3	0	5080
0.1	9.3	4690
0	0.1	4660
20.5	0	4300
0	20.5	4660
0	0	4890
6.7	0	4740
0	6.7	4460
0	0	4730
0	0	5230
0	0	5270
0	0	4730
0	0	4180
0	0	3860
0	0	3660
0	0	3920
0	0	3520
0	0	4430
0	0	3790
0	0	4200
0	0	4020
0	0	3790
0	0	3870
0	0	3250
1.3	0	3950
0	1.3	3410
0	0	3340
0	0	2680
0	0	3280
0	0	3090
0	0	2900
0	0	2750
0	0	3810
0	0	3340
0	0	3960
0	0	2910
0.4	0	3120
0	0.4	3200
0	0	2710
0	0	3160
0	0	2220
0	0	1760
0	0	2330
0	0	2030
0	0	2310
0	0	3040
0	0	2480
0	0	1990
0	0	2360
0.3	0	2050
0	0.3	2570
0	0	2290
0	0	2130
0	0	1790
0	0	1900
0	0	1370
0	0	1770
0	0	2380
0	0	2940
0	0	3150
0	0	2380
0	0	2440
0	0	2280
0	0	2550
0	0	2190
0	0	2280
16.7	0	2440
0.3	16.7	1650
0	0.3	1620
0	0	1380
0.4	0	1120
0	0.4	980
0	0	1690
0	0	2200
0.4	0	1830
0	0.4	1840
0	0	1560
0	0	1830
0	0	920
0	0	1090
0	0	1220
0	0	550
0	0	1160
0	0	1350
0	0	1150
0	0	970
0	0	1500
0	0	2370
0	0	2590
0	0	1870
0	0	1810
0	0	1610
0	0	975
0	0	1240
0	0	1070
0	0	730
0	0	1360
0	0	1290
0	0	1020
0	0	940
0	0	1030
0	0	1660
0	0	1860
7.5	0	2120
0	7.5	1460
0	0	1120
0.3	0	777
0	0.3	955
0.2	0	1280
0	0.2	810
0	0	1190
0	0	1390
0	0	1280
0	0	960
0	0	1850
0	0	1870
0	0	2520
0	0	2570
0	0	1770
0	0	1410
0	0	1380
0	0	1220
0	0	904
0	0	828
0	0	1040
0	0	0
0	0	878
0	0	1430
0	0	800
0	0	964
0	0	2320
0	0	3120
0	0	2750
0	0	2080
0	0	1830
0	0	1960
0	0	1500
0	0	876
0	0	841
0	0	1670
0	0	1660
0	0	1770
0.3	0	2670
0	0.3	3650
0	0	3400
0	0	3630
0.5	0	2820
0	0.5	2740
0	0	2950
0	0	2670
0	0	2890
0	0	2750
0	0	2430
0	0	2450