5860
6170
5760
5710
5190
5160
5160
5190
5210
5160
5340
5380
5650
5560
5120
4410
3620
3620
3980
4060
3650
3560
3720
3850
3900
4900
4220
4380
4000
3270
3790
3940
3500
3180
3390
2870
2050
2560
3170
3180
2890
3160
3140
2950
2620
2920
3460
2720
2500
2580
2550
2670
2460
2160
1890
2810
3390
2220
2130
2690
2990
2580
2440
2370
2160
1930
1810
2040
1720
1740
1910
1830
2050
2320
2060
1930
1810
1340
1470
1860
1780
839
1230
1610
1080
1490
1930
1940
2610
2120
1510
1430
1070
812
918
464
399
634
699
1140
1280
1910
1860
1900
1370
1120
1880
1320
1620
1630
1880
2020
1980
2650
2460
2490
2620
2130
2310
2070
1980
1950
1880
2020
1880
2000
2460
2410
2980
3330
3540
3520
3150
2660
1990
2080
2260
2350
2550
2590
2860
3170
3670
4500
5320
5470
5820
5410
5320
5730
4860
4180
4090
4360
4210
4520
5210
5750
5940
5840
5770
5600
5240
4960
4750
4330
4550
5320
5840
6500
6740
7450
7670
7480
7580
7910
7980
8100
7880
7660
6900
7040
7020
7250
8220
8210
8540
9010
8980
9780
9830
9500
9320
9360
9640
10100
9800
9770
9960
10400
10500
11100
12400
12900
13400
14000
14700
14400
13600
12900
12200
11900
12800
12700
13400
13400
13700
13800
13900
13700
13800
13300
13000
12700
12900
12500
12700
12500
12600
12300
13000
14100
15700
15000
14700
14100
13300
13200
12800
12000
11700
12200
11800
12400
13600
14500
15000
15000
16200
16300
16400
16500
16600
16300
16300
15900
15800
15500
15200
15800
15500
16200
16800
16800
17700
17500
17500
16900
16200
15300
13000
12900
13500
14000
14600
14900
15100
15900
14400
14600
14600
14600
14500
13200
12900
12700
11900
12100
12000
12800
13800
14200
14500
14200
14200
13000
12200
11200
11200
11100
12500
11800
12400
12300
12800
13600
13500
13400
13000
12700
12000
11400
11100
10500
9850
9260
10000
10600
10800
10800
11100
11600
11600
11500
11000
10500
9340
8500
8470
8640
8690
8860
9550
9540
9220
9630
9660
9490
10000
9740
8550
7680
7360
7100
6840
6470
6490
6700
7350
7730
8140
8180
8280
7740
7050
6550
6230
6350
6180
6030
5890
5780
5840
5550
6000
6680
6730
6200
5970
5600
5220
4910
4840
4570
4420
4240
4160
4400
4720
4850
5470
5020
4460
4150
4570
4460
4450
3920
4080
3730
3610
3310
3280
3400
3820
3940
5050
3850
4090
3720
3660
3420
3010
2650
2830
2070
2340
3050
3230
3400
3930
3830
3230
3580
3340
3320
2950
2900
2830
2230
2220
2140
1960
1850
2220
3100
2790
2040
2940
2900
1940
2000
2330
1360
626
1690
2000
2300
2220
2860
2410
2980
2950
2500
2370
2090
2880
2150
1420
1630
1630
1570
1300
1650
2150
2280
2610
2810
2440
2020
1560
1790
941
1140
1530
1150
930
1400
1270
1660
2160
2120
1860
1450
1440
858
582
361
486
114
794
1020
1560
1310
884
1340
1200
766
459
45.7
333
415
404
612
495
158
821
689
1150
1140
1610
1920
2110
1870
1710
1690
1420
1440
1220
1100
1370
1860
2120
2480
2920
3110
2940
2670
2890
2900
2800
3220
3770
3530
4110
4290
4880
4950
5160
5010
5380
5660
5340
5630
5180
4770
4720
4680
4400
5050
6160
6860
7210
7590
7380
7420
7500
7300
7330
7920
7600
7490
7480
7120
7700
8340
9060
9250
9290
9480
10200
9660
9250
8420
8120
8940
9160
8680
9520
10200
10700
11100
11100
12300
12400
12300
12100
12000
10600
10900
11800
10800
10700
11000
11200
11300
12700
12800
13000
13800
13800
13800
13700
12000
11700
12000
12500
12400
13100
14500
15100
15900
16200
15800
16000
15800
15500
15200
15200
15200
15400
15300
15200
15400
15200
15500
15900
15600
15600
15600
15000
14800
14700
14400
13900
13800
14400
14600
15000
15300
15400
14900
15000
14700
14400
14000
14000
13500
13600
13400
13700
13600
13800
13800
14400
14200
14100
14200
13800
13400
13300
12700
12500
10800
11700
13500
13600
13300
13400
13400
13600
13500
13300
13200
13000
12800
12700
12700
12600
12100
12200
12100
12300
12100
12200
12000
12700
12900
12700
11700
10400
10100
9430
10100
10400
11200
11200
12000
11400
11400
11400
11200
11400
11500
11200
10700
9880
8950
8590
8690
8600
9240
8640
8610
8640
9800
9360
9120
8870
8040
7290
7100
6630
7530
7420
7270
7200
7500
7750
7670
8850
8300
8070
7670
6220
5940
4980
5300
3560
4856.25
4399.583333
4773.75
4767.083333
4873.166667
5967.083333
6530.416667
6265
5719.083333
5328.75
4732.916667
4614.583333
4504.375
4132.166667
4578.083333
4401.833333
4435
4368.333333
4337.916667
4565.666667
4761.708333
4960.708333
5173.916667
5391.666667
4440.916667
3489.833333
3660.75
3438.333333
3271.25
3027.083333
3051.25
2930.416667
3110
3032.916667
3830.416667
4295.416667
4088
3698.666667
4074.666667
3468.916667
3467.5
2507.5
3188.333333
3586.666667
2808.75
3084.166667
2613.75
2924.166667
2907.916667
3140.833333
2930.166667
3350.416667
2608.166667
2640.416667
3155.333333
3040.041667
3142.416667
3093.583333
2055.333333
1661.083333
2276.25
2150.833333
2349.583333
2538.541667
2843.333333
1757.125
2422.625
3108.166667
2953.958333
3054.375
2583.625
2079.416667
2727.25
2260.25
2361.583333
1597.916667
1221.916667
1735.333333
1689.166667
1807.916667
2597.458333
2046.125
2113.208333
2568.833333
2378.916667
1880.625
1553.583333
953.25
1039.375
970.375
995
1290.833333
1178
1502.083333
1513.125
2115.416667
1938.75
2263.083333
1630.166667
1336.666667
891.6666667
1889.791667
616.125
898.125
1161.25
951.375
1321.041667
874.1666667
358.9166667
1057.166667
813.0833333
2132.5
2035.666667
1800.833333
1580.833333
1075.333333
887.5
733.6666667
1094.375
852.5833333
533.75
1038.916667
1137.75
1555.958333
1989.416667
2440.416667
2391.708333
1775.416667
1641.583333
1600.125
1451.208333
690.0833333
671.3333333
1322.916667
1298.75
866.75
886.75
1558
1635.833333
1982.291667
2255.833333
2473
2336.666667
1300.833333
651.875
955
2404.166667
1773.333333
2042
2605.416667
3681.041667
4211.375
4755
4573.166667
4451.5
4045.833333
4254.583333
4083.333333
3552.083333
3208.333333
3416.25
3401.416667
3674.791667
3777.5
3804.333333
4196.708333
5017
5719.166667
5769.583333
6337.083333
6517.916667
5974.166667
5395.166667
5353.833333
4882.333333
5296.416667
5257
5587.666667
6044
6121
6079.916667
6671.666667
6862.75
7028.75
6566.75
6928.083333
6981.816667
7182.75
7408.833333
8131
8284.583333
8068.5
8418.333333
8857.916667
8626.25
9341.25
9377.916667
9105.833333
9194.583333
9593
9947.5
9810.583333
9295.208333
8957.25
9499.916667
9384.25
8919.208333
8939.666667
9181.666667
9622.416667
9481.958333
9848.583333
10159.16667
11480.41667
11492.08333
11290.41667
11210
10462.75
9917.166667
10278.75
10079.16667
9343.75
9990.833333
9625.166667
10732.5
11301.5
12007.58333
12779.58333
14608.75
14520.83333
14390
14214.58333
13600.41667
13497.25
14784.16667
14863.75
15107.08333
15715.83333
15860.83333
16065.83333
16820.41667
17012.5
17333.33333
17583.33333
17258.33333
16608.33333
16762.5
15725
15204.16667
14802.08333
13958.5
14053.75
13917.91667
15130.41667
15145.41667
16029.16667
15945.83333
15804.16667
16429.16667
15408.33333
15202.08333
15284.16667
14850.41667
14781.25
14677.91667
14457.08333
14245.83333
14922.08333
14659.16667
15275.83333
15925
15991.66667
15620.83333
15991.66667
15912.5
15710
15188.75
14137.5
14217.5
13718.75
14064.58333
14004.16667
14721.66667
15245
14682.5
15479.16667
15050
14708.33333
14872.91667
14390
13937.08333
13900.83333
13277.5
13322.08333
13221.25
12462.08333
13097.91667
13831.66667
13060.41667
13632.5
13429.16667
13440.83333
13816.66667
13971.66667
13214.16667
12669.16667
11196.66667
10596.66667
9999.166667
10517.08333
10847.08333
11241.91667
11961.25
12169.58333
12680.83333
12849.58333
12696.25
13077.5
12945.41667
12159.58333
11580.83333
11185.83333
11261.25
10933.75
10512.08333
10322.08333
10577.91667
10528.75
10795.83333
11284.16667
10553.75
9162.333333
9353.916667
8989.5
7131.166667
6709
6662
6709.833333
6725.5
6880.625
6711.25
6658.333333
6766.666667
7151.666667
7887.916667
8334.833333
8093.333333
7928.25
7646.833333
7035.833333
6320.416667
5921.5
5695.083333
5662.791667
6087.458333
5310.333333
5015.333333
5123.416667
5306.666667
5228
5865.416667
5851.416667
5694.166667
5015.666667
4193.666667
4360
4530
4620
4080
4300
4380
4050
4090
4990
5310
4970
4860
5210
4260
3230
3850
3620
3510
3170
3440
3290
3520
3390
3330
4090
4420
3600
2820
2320
3460
3350
3070
2210
606
2670
2430
2400
3020
2960
2380
2570
2190
2470
2500
2360
2760
2590
2420
1700
1570
1950
1470
1900
1920
2260
1990
2110
2540
2450
2500
2050
2160
1660
1640
2030
1410
970
1060
1490
959
911
1740
2120
2610
2380
1500
1080
1070
211
838
946
1200
1200
1010
1320
1500
2540
2420
1570
1330
1220
1240
1310
1370
1400
1100
1320
1320
509
884
1110
1980
1660
1790
1430
1320
1140
1270
886
592
802
506
618
2130
1730
2150
1340
1320
1460
1280
130
991
818
1770
1130
1480
1170
628
1300
1530
2010
3000
3100
2770
1850
1380
1480
1340
1480
1200
1700
2110
2570
2680
3100
3040
2530
2610
2440
1650
1460
2520
1890
2090
2380
2690
3460
4260
4510
4500
4600
3600
3300
2730
2250
2290
1750
2200
2880
3210
3000
2720
3590
3780
4280
4090
3960
4200
4220
4070
3780
3650
34190
4010
3880
4770
5770
5450
5530
5120
5750
4450
4340
4080
3940
3820
3950
4290
5020
5450
6030
5920
6500
7640
6740
6260
6240
5580
5510
6700
6830
7060
7040
7640
7790
8180
8210
8700
9480
9110
8020
7600
7560
7360
6410
6880
7290
7650
8190
9100
9330
10000
9790
10500
10100
9550
8360
8730
9000
8380
7930
8980
9260
9070
9460
10900
11700
11800
11500
11300
10200
10600
10100
10100
9960
10100
11000
11200
11700
12600
13500
14400
14400
14100
14400
13400
12800
12500
11700
10400
10400
10900
11300
12400
13100
13800
13800
13600
12800
12600
10800
11100
11000
11400
11500
11900
11700
11900
12900
12800
12600
12100
11700
11800
11800
9930
9280
8910
8350
8850
8870
9160
9810
10600
10800
11000
11000
10800
10000
9180
8980
8210
8360
8150
8350
8350
8140
8280
7810
8980
8970
8690
7960
7870
6900
5620
5900
5900
5510
5520
4400
5680
6520
6400
6770
7270
6290
6180
5290
4490
4160
4120
4670
4460
4160
4000
4120
4910
4600
4860
4680
4990
4560
4030
3500
3230
2640
2550
3060
2920
2910
3510
3990
4300
4540
3760
3040
2650
2810
2790
2220
2300
2020
2360
2910
1910
2060
2310
2120
2700
2980
1900
1290
2300
1430
1480
478
1310
761
1580
1400
1660
1970
1680
1860
1510
1220
1970
1280
1300
717
731
394
498
1020
1070
1040
1860
1120
1180
960
1580
696
1390
929
1010
1090
995
791
1280
1570
1160
864
1660
1320
1420
1760
1580
962
856
848
1200
660
1010
163
273
1370
1150
327
633
1420
1810
1230
561
872
269
440
350
655
674
944
827
391
654
1100
1680
1620
572
590
285
323
587
0
214
113
106
825
930
1390
1790
1670
1350
585
772
343
483
547
729
0
0
877
1280
984
1170
1640
1920
1870
1910
1090
916
974
94.4
363
902
444
1660
2540
3310
2950
2110
2050
2200
2230
1490
1920
827
1220
1380
1200
1650
1710
2090
1970
2330
2020
2230
1680
1700
1140
1690
2110
2130
2710
4540
4470
3740
4330
4150
4440
3650
3560
4560
4580
4350
5170
4840
4590
4610
4770
5250
5540
5790
6120
6190
5710
5310
5260
4390
4580
4240
3940
3860
4620
4740
5510
5470
5680
5400
5430
5440
4910
4510
4200
4820
5000
4030
5120
4970
5140
5770
6440
6940
7790
7950
7580
7680
8170
8400
8800
9200
9190
9350
9710
9800
10700
11200
11300
11600
11400
10700
11000
10800
11100
10300
10500
10700
10600
10500
11000
11800
13100
13900
14700
13700
13200
12500
12500
11400
10600
10700
11900
12100
13200
13500
14700
15000
15100
14800
14100
13800
13400
13400
13800
12800
12000
13300
13400
13300
14700
15200
15600
15100
15100
15100
15000
15200
14100
13600
14000
14000
15100
15100
15100
15700
15500
14800
14100
14700
14300
14300
13700
12900
11700
11500
11600
11500
11900
12300
13000
13100
12700
12600
11600
11200
10600
11100
10100
9890
10300
10200
9820
10700
10700
11100
11100
10700
10400
9370
9480
8990
7350
6740
6850
6410
6750
6580
6710
8180
8030
7880
7950
7920
7080
5630
5340
5700
5360
5710
5660
5190
5640
5540
6390
6840
5980
5680
6320
6170
4160
3720
4140
3990
4060
4330
4870
4310
4610
5020
5090
5480
5170
4110
3540
3320
3410
3470
3820
2990
3890
3590
4180
3560
3610
3680
3800
4100
3920
2710
2180
1990
2470
2390
2040
2240
1990
2830
2910
3250
3140
2880
2370
1990
2280
2380
2720
1990
1930
1670
1590
1920
1360
1470
1830
1770
1730
1620
1250
1380
1890
1330
1510
854
720
734
649
1250
1420
1370
1130
1510
1280
1140
251
1180
1480
1100
1320
1580
1070
525
579
676
1460
0
683
961
1990
1100
1000
330
721
380
602
760
1020
867
1180
535
1110
1730
1870
1490
1440
1030
826
1260
1320
474
621
863
1280
884
405
0
1110
2320
1980
583
755
1030
1180
0
778
461
559
676
989
1320
1740
1730
1860
1640
1200
1330
1300
750
871
1040
860
915
973
1510
2670
2700
1770
1690
1010
1460
907
985
1510
1650
959
888
1220
1120
1430
1990
2030
1930
1590
2130
1080
1190
1170
741
980
1060
1660
1790
2260
2920
2630
2840
1750
2050
2120
1170
1630
1620
1780
1710
1390
1710
2040
2420
2440
2300
2060
1690
2070
1910
1610
1970
2420
2010
1770
3220
3760
4050
4190
4310
4390
5190
4600
5410
6390
6200
6470
6850
7030
7000
6960
6810
6900
6800
7010
7260
6230
5750
5470
4750
5090
4650
4280
5010
4650
5190
5930
7010
8850
10400
10800
10600
10600
10200
10400
9900
10300
10400
10600
10500
11200
11800
12100
13000
13400
13800
13500
13200
12400
12600
11600
12300
12400
13900
13800
14900
15100
15600
15600
15800
15400
15200
14700
14700
14000
13700
13800
13400
13700
14400
14900
15000
15500
16300
16000
15300
14700
14300
13800
12600
12800
13400
13700
14400
15300
16100
16100
15500
15600
15000
14600
14700
14400
14300
14200
13700
14300
13500
14200
14600
14800
15000
15800
15300
14400
14300
13200
13300
13000
12000
11600
13200
13500
13500
14100
14400
14200
14000
13400
13200
13000
12500
12100
11300
10500
9730
10100
11100
10900
11200
11900
11400
11500
11200
10400
9620
8570
7820
8050
8190
9030
8110
8870
9230
9160
9260
9230
9310
9230
9270
9240
8420
7030
7200
6990
7250
7080
6980
7090
7290
7380
7500
7710
6970
6430
5940
5410
5290
5420
5200
6050
6430
6730
6330
4520
4890
5430
5040
4960
4310
4920
4610
4080
4110
4090
3960
3990
4060
4530
4440
4340
4630
3990
3740
3190
3730
3670
3410
3480
3110
3540
3650
3300
3140
3270
2610
2380
3000
2920
2450
2620
2320
2430
2100
1350
1610
1810
2510
2320
2560
2750
1420
2480
2310
2590
1450
1770
2050
2030
1900
1670
1520
1450
1740
1350
1320
1220
795
1330
1600
1970
1580
1320
605
0
1040
813
1150
1230
647
331
1170
1560
1910
1180
1280
880
1250
796
546
1020
568
942
539
906
627
1240
1350
1660
961
923
479
0
2.5
121
774
1170
773
1030
1080
1480
1870
1620
1520
1320
663
1210
781
61.3
234
300
0
0
356
417
1830
1950
1640
1260
863
835
434
182
7.08
955
630
574
862
1480
1750
2590
1800
1610
1290
993
448
886
1560
761
595
809
1200
1580
2160
3120
3490
2250
888
1440
1270
963
1610
1400
1180
1820
2070
2750
2670
3040
2860
3350
2730
2410
2380
2190
2250
1750
1830
1720
2040
2020
2070
2600
3090
2820
2630
1890
2180
2030
1800
2280
2260
2060
2780
3000
3800
3970
4060
4150
4760
5820
6330
6600
6570
6550
5890
5830
5540
5290
6440
6190
7160
6980
7320
7790
7430
6820
6470
6690
7300
7810
8170
8980
8730
9680
9360
10300
10400
11000
11000
11300
10400
10000
10400
10500
9120
9370
9860
9850
10400
11700
12400
12800
13500
13000
12700
13000
12400
12400
12400
12100
12500
12500
12400
13300
14000
15000
15400
15700
15600
14800
14500
14500
12400
12600
13000
12400
12100
13100
14000
14700
15300
14900
15200
14700
13800
13900
13300
12200
11700
12100
12900
13600
13800
14100
13900
14900
14800
14600
14100
13600
12900
12000
11000
11400
11700
12800
14300
15500
15800
16100
16300
15700
15700
15400
14100
14100
13800
13600
13400
13600
13400
14100
14600
14300
14900
15400
14500
14600
12300
11000
10200
9980
10100
10000
10400
11600
12200
12600
12300
12800
12800
12100
12000
11100
10500
10100
9100
9290
8920
8900
8420
8350
9560
9330
9530
9700
8480
7670
6070
5930
6170
5850
5090
5550
5470
5790
6100
6560
6500
6620
6200
5730
5230
3970
4520
4560
4250
4010
3940
4850
4400
4800
4180
4500
5010
4890
4640
3690
3540
3200
3460
3290
3500
3580
3600
3570
4100
4270
4080
4020
4100
3270
2830
3230
2600
2470
3170
2230
2300
2160
2190
2610
2200
2640
3080
1630
1680
2830
2640
2020
2130
1890
1530
1180
2040
2480
1750
2260
2140
1430
1190
2080
2080
1880
1400
1660
1630
1270
1560
1240
1250
1780
1750
1790
1010
1130
1790
1920
1500
1210
944
878
919
1280
890
854
218
242
418
693
1250
1990
1800
1330
736
813
556
267
548
733
869
1480
703
1580
2120
1940
1400
1080
1150
1200
1070
557
256
573
257
364
17.33333333
359
524
916
1740
1480
1280
834
303
497
0
433
17.16666667
600
1040
1400
1740
1770
1730
1210
1540
1500
1002
1070
652
1490
1790
1310
1610
1050
987
2420
2500
3060
2230
2580
1890
1950
2020
2160
1850
2080
2610
2910
3280
3110
3290
2530
2070
1570
1400
1340
1180
1300
1770
2050
2400
2460
2900
3010
3040
3060
3270
3400
1650
1340
1240
1390
1750
1580
2020
1820
2340
2570
2780
3670
3590
3630
3520
3180
3390
3010
2160
2680
2750
2370
2810
3630
5280
6150
7510
7910
7830
7200
7400
6050
5490
5190
5050
5950
5250
5290
5410
5740
5470
5740
5840
5910
5210
5040
4650
4190
4050
5320
4770
5130
4870
5660
5940
7430
8060
9210
9340
9720
9170
9200
9320
9090
9050
10100
10200
10700
11300
11500
12200
12900
12800
12100
11500
11600
10400
9660
9610
9150
9610
10200
10600
10500
11500
12700
12100
12100
11000
11000
10200
9710
9880
10300
10100
10500
11500
12100
13400
13900
14000
13900
13000
12600
11600
11200
10900
10900
11300
11400
11100
12300
13600
13700
14200
13300
12900
13200
12100
12000
11900
12500
12300
12800
12600
13900
13600
14500
15200
15400
15100
14300
13700
13700
13400
13800
12000
11300
11900
11500
13100
13500
13400
13300
14000
13300
12100
12100
11100
10700
11300
10300
10000
10300
10900
10200
11000
11400
11500
11700
11100
10600
10500
11300
10700
9820
8930
8240
8620
9020
8910
9410
10300
10100
9990
9570
8430
8620
7510
7060
6880
7520
6800
6580
6630
6240
6540
6940
7000
6530
6410
5980
5320
5080
4690
4660
4300
4660
4890
4740
4460
4730
5230
5270
4730
4180
3860
3660
3920
3520
4430
3790
4200
4020
3790
3870
3250
3950
3410
3340
2680
3280
3090
2900
2750
3810
3340
3960
2910
3120
3200
2710
3160
2220
1760
2330
2030
2310
3040
2480
1990
2360
2050
2570
2290
2130
1790
1900
1370
1770
2380
2940
3150
2380
2440
2280
2550
2190
2280
2440
1650
1620
1380
1120
980
1690
2200
1830
1840
1560
1830
920
1090
1220
550
1160
1350
1150
970
1500
2370
2590
1870
1810
1610
975
1240
1070
730
1360
1290
1020
940
1030
1660
1860
2120
1460
1120
777
955
1280
810
1190
1390
1280
960
1850
1870
2520
2570
1770
1410
1380
1220
904
828
1040
0
878
1430
800
964
2320
3120
2750
2080
1830
1960
1500
876
841
1670
1660
1770
2670
3650
3400
3630
2820
2740
2950
2670
2890
2750
2430
2450
2610