0.1	6860	7660
0	5860	6860
0	6170	5860
0	5760	6170
0	5710	5760
0	5190	5710
0	5160	5190
0	5160	5160
0	5190	5160
0	5210	5190
0	5160	5210
0	5340	5160
0	5380	5340
0	5650	5380
0	5560	5650
0	5120	5560
0.1	4410	5120
0	3620	4410
0	3620	3620
0	3980	3620
0	4060	3980
0.9	3650	4060
1	3560	3650
0	3720	3560
0	3850	3720
0	3900	3850
0	4900	3900
0	4220	4900
0	4380	4220
0	4000	4380
0	3270	4000
0	3790	3270
0	3940	3790
0	3500	3940
0	3180	3500
0	3390	3180
0	2870	3390
0	2050	2870
0	2560	2050
0	3170	2560
0	3180	3170
0	2890	3180
0	3160	2890
0	3140	3160
0	2950	3140
0	2620	2950
0	2920	2620
0	3460	2920
0	2720	3460
0	2500	2720
0.2	2580	2500
0	2550	2580
0	2670	2550
0	2460	2670
0	2160	2460
0	1890	2160
0	2810	1890
0	3390	2810
0	2220	3390
0	2130	2220
0	2690	2130
0	2990	2690
0	2580	2990
0	2440	2580
0	2370	2440
0	2160	2370
0	1930	2160
0	1810	1930
0	2040	1810
4.3	1720	2040
12.5	1740	1720
0	1910	1740
1	1830	1910
0	2050	1830
0	2320	2050
0	2060	2320
0	1930	2060
0	1810	1930
0	1340	1810
0	1470	1340
0	1860	1470
0	1780	1860
0	839	1780
0	1230	839
0	1610	1230
0	1080	1610
0	1490	1080
0	1930	1490
0	1940	1930
0	2610	1940
0	2120	2610
0	1510	2120
0	1430	1510
0	1070	1430
0	812	1070
0	918	812
1.3	464	918
0	399	464
19.6	634	399
1.3	699	634
0.1	1140	699
0	1280	1140
0	1910	1280
0	1860	1910
7.1	1900	1860
19.5	1370	1900
1.7	1120	1370
0	1880	1120
0	1320	1880
14.2	1620	1320
0	1630	1620
0	1880	1630
0	2020	1880
3.7	1980	2020
0.2	2650	1980
4.6	2460	2650
9	2490	2460
15.1	2620	2490
0.3	2130	2620
2	2310	2130
0	2070	2310
0.5	1980	2070
0	1950	1980
0	1880	1950
0	2020	1880
63.8	1880	2020
0.4	2000	1880
0.2	2460	2000
12.6	2410	2460
0	2980	2410
8.4	3330	2980
1.4	3540	3330
0	3520	3540
1.7	3150	3520
4.6	2660	3150
7.4	1990	2660
6.9	2080	1990
0	2260	2080
0	2350	2260
19	2550	2350
9.1	2590	2550
0	2860	2590
1.2	3170	2860
8.7	3670	3170
7.6	4500	3670
0	5320	4500
21.9	5470	5320
0	5820	5470
0	5410	5820
0.5	5320	5410
0.1	5730	5320
25.6	4860	5730
0	4180	4860
59	4090	4180
11.6	4360	4090
3.6	4210	4360
9.2	4520	4210
0	5210	4520
0	5750	5210
38.4	5940	5750
24.4	5840	5940
19.4	5770	5840
41.4	5600	5770
0	5240	5600
7.8	4960	5240
0	4750	4960
0	4330	4750
0	4550	4330
2.7	5320	4550
15.9	5840	5320
9.3	6500	5840
0.6	6740	6500
16.2	7450	6740
0	7670	7450
4.6	7480	7670
8.5	7580	7480
3.3	7910	7580
0	7980	7910
0	8100	7980
0	7880	8100
0	7660	7880
0	6900	7660
6	7040	6900
16.6	7020	7040
0	7250	7020
1	8220	7250
15.2	8210	8220
3.6	8540	8210
2.9	9010	8540
55	8980	9010
31.5	9780	8980
0	9830	9780
0	9500	9830
0	9320	9500
31.9	9360	9320
33.6	9640	9360
12.2	10100	9640
0	9800	10100
0	9770	9800
29.1	9960	9770
24.6	10400	9960
10.6	10500	10400
2.5	11100	10500
0	12400	11100
0	12900	12400
0	13400	12900
0	14000	13400
0	14700	14000
0	14400	14700
1.4	13600	14400
34.5	12900	13600
0	12200	12900
0.1	11900	12200
1.9	12800	11900
0	12700	12800
0	13400	12700
1.1	13400	13400
0	13700	13400
3.8	13800	13700
0	13900	13800
0	13700	13900
0	13800	13700
0	13300	13800
5	13000	13300
7.9	12700	13000
0.6	12900	12700
0	12500	12900
0.7	12700	12500
2.2	12500	12700
23.9	12600	12500
0	12300	12600
0	13000	12300
25.8	14100	13000
5.8	15700	14100
1.9	15000	15700
7.4	14700	15000
5.2	14100	14700
6.5	13300	14100
0.5	13200	13300
28.4	12800	13200
7	12000	12800
27.9	11700	12000
0	12200	11700
2.3	11800	12200
7.1	12400	11800
7.8	13600	12400
3.9	14500	13600
7	15000	14500
0	15000	15000
0	16200	15000
0	16300	16200
0	16400	16300
38.1	16500	16400
9.1	16600	16500
0	16300	16600
6.8	16300	16300
13.4	15900	16300
12.3	15800	15900
0.1	15500	15800
0	15200	15500
7.8	15800	15200
16.6	15500	15800
10.5	16200	15500
0	16800	16200
4.6	16800	16800
17.2	17700	16800
1.1	17500	17700
11.6	17500	17500
8.7	16900	17500
0	16200	16900
4.1	15300	16200
26.5	13000	15300
0.2	12900	13000
5.8	13500	12900
1.5	14000	13500
0	14600	14000
11.4	14900	14600
0	15100	14900
13.4	15900	15100
1.7	14400	15900
16.3	14600	14400
3.6	14600	14600
0.4	14600	14600
0.9	14500	14600
3	13200	14500
1.6	12900	13200
63.4	12700	12900
11	11900	12700
1.5	12100	11900
1.9	12000	12100
1.2	12800	12000
7.8	13800	12800
0	14200	13800
0	14500	14200
0	14200	14500
82.2	14200	14200
17.9	13000	14200
0	12200	13000
19.8	11200	12200
7.8	11200	11200
1	11100	11200
9.7	12500	11100
8.6	11800	12500
2.6	12400	11800
0.3	12300	12400
2	12800	12300
22.1	13600	12800
27.9	13500	13600
30.7	13400	13500
51	13000	13400
0	12700	13000
0	12000	12700
0	11400	12000
0	11100	11400
0	10500	11100
0	9850	10500
0	9260	9850
0	10000	9260
0	10600	10000
0.5	10800	10600
0	10800	10800
7	11100	10800
0	11600	11100
0	11600	11600
0	11500	11600
0.2	11000	11500
0	10500	11000
0	9340	10500
0	8500	9340
0.2	8470	8500
0	8640	8470
5	8690	8640
0.5	8860	8690
2	9550	8860
0	9540	9550
8.3	9220	9540
0.2	9630	9220
0	9660	9630
23.9	9490	9660
0	10000	9490
0	9740	10000
0	8550	9740
0	7680	8550
0	7360	7680
0	7100	7360
0	6840	7100
16.9	6470	6840
19.7	6490	6470
0	6700	6490
0	7350	6700
0	7730	7350
55.9	8140	7730
0	8180	8140
27	8280	8180
10.1	7740	8280
0	7050	7740
1.8	6550	7050
7.4	6230	6550
0	6350	6230
0.8	6180	6350
0	6030	6180
0	5890	6030
0	5780	5890
0	5840	5780
0	5550	5840
2.5	6000	5550
0	6680	6000
0.2	6730	6680
0	6200	6730
0	5970	6200
0	5600	5970
0	5220	5600
0	4910	5220
0	4840	4910
0	4570	4840
0	4420	4570
0	4240	4420
0	4160	4240
0	4400	4160
0	4720	4400
0	4850	4720
0	5470	4850
0	5020	5470
0	4460	5020
0	4150	4460
0	4570	4150
0	4460	4570
0	4450	4460
0	3920	4450
0	4080	3920
0	3730	4080
0	3610	3730
0	3310	3610
0	3280	3310
0	3400	3280
0	3820	3400
0	3940	3820
0	5050	3940
0	3850	5050
0	4090	3850
0	3720	4090
0	3660	3720
0	3420	3660
0	3010	3420
0	2650	3010
0	2830	2650
0	2070	2830
0	2340	2070
0	3050	2340
0	3230	3050
0	3400	3230
0	3930	3400
0	3830	3930
0	3230	3830
0	3580	3230
0	3340	3580
0	3320	3340
0	2950	3320
0	2900	2950
0	2830	2900
0	2230	2830
0	2220	2230
0	2140	2220
0	1960	2140
0	1850	1960
0	2220	1850
0	3100	2220
0	2790	3100
0	2040	2790
0	2940	2040
0	2900	2940
0	1940	2900
0	2000	1940
0	2330	2000
0	1360	2330
0	626	1360
0	1690	626
0	2000	1690
0	2300	2000
0	2220	2300
0	2860	2220
0	2410	2860
0	2980	2410
0	2950	2980
0	2500	2950
0	2370	2500
0	2090	2370
0	2880	2090
0	2150	2880
9.5	1420	2150
28.5	1630	1420
60.6	1630	1630
0	1570	1630
0	1300	1570
0	1650	1300
0	2150	1650
0.1	2280	2150
0	2610	2280
14.4	2810	2610
0	2440	2810
0	2020	2440
0	1560	2020
0	1790	1560
0	941	1790
0	1140	941
0	1530	1140
0	1150	1530
0	930	1150
0.4	1400	930
0	1270	1400
0	1660	1270
0	2160	1660
0	2120	2160
0	1860	2120
0	1450	1860
0	1440	1450
0	858	1440
0	582	858
0	361	582
0	486	361
0	114	486
0	794	114
0	1020	794
0	1560	1020
0	1310	1560
0	884	1310
1	1340	884
17.2	1200	1340
0	766	1200
0	459	766
8	45.7	459
21.6	333	45.7
6.1	415	333
0.2	404	415
0	612	404
0	495	612
0	158	495
0	821	158
0	689	821
0	1150	689
0	1140	1150
13.9	1610	1140
0	1920	1610
0	2110	1920
0	1870	2110
2.2	1710	1870
7.4	1690	1710
0	1420	1690
1.9	1440	1420
14.5	1220	1440
65.3	1100	1220
6.2	1370	1100
3.7	1860	1370
0	2120	1860
0	2480	2120
14.6	2920	2480
10	3110	2920
2.9	2940	3110
0.1	2670	2940
13.9	2890	2670
0	2900	2890
11.3	2800	2900
1.4	3220	2800
3.2	3770	3220
0	3530	3770
0	4110	3530
6.6	4290	4110
5.8	4880	4290
1.5	4950	4880
0	5160	4950
0.4	5010	5160
4.5	5380	5010
9.8	5660	5380
26.3	5340	5660
0	5630	5340
0	5180	5630
0	4770	5180
1.2	4720	4770
0.4	4680	4720
0	4400	4680
0	5050	4400
49.8	6160	5050
6.5	6860	6160
0.9	7210	6860
0	7590	7210
0.6	7380	7590
2.7	7420	7380
9.7	7500	7420
6.5	7300	7500
14.2	7330	7300
28.9	7920	7330
20.5	7600	7920
10.3	7490	7600
44	7480	7490
35.8	7120	7480
0	7700	7120
0	8340	7700
4.3	9060	8340
1.1	9250	9060
52.9	9290	9250
1.9	9480	9290
37.7	10200	9480
18.7	9660	10200
9.6	9250	9660
0.1	8420	9250
5	8120	8420
0.2	8940	8120
4.4	9160	8940
0	8680	9160
0	9520	8680
6	10200	9520
3.3	10700	10200
4.9	11100	10700
0	11100	11100
0	12300	11100
0	12400	12300
0	12300	12400
0	12100	12300
2.6	12000	12100
2.4	10600	12000
2.2	10900	10600
0.2	11800	10900
0	10800	11800
0	10700	10800
0	11000	10700
44.4	11200	11000
0	11300	11200
0	12700	11300
0	12800	12700
0	13000	12800
0	13800	13000
39.3	13800	13800
3.2	13800	13800
3.7	13700	13800
0.5	12000	13700
1.5	11700	12000
4.4	12000	11700
3.7	12500	12000
2.1	12400	12500
22.8	13100	12400
16	14500	13100
3.8	15100	14500
9.4	15900	15100
0.8	16200	15900
16.4	15800	16200
38.2	16000	15800
1.4	15800	16000
2.3	15500	15800
1.6	15200	15500
1.7	15200	15200
1.8	15200	15200
0	15400	15200
0.1	15300	15400
0	15200	15300
0	15400	15200
0.7	15200	15400
23.2	15500	15200
8.7	15900	15500
15.9	15600	15900
0.6	15600	15600
0	15600	15600
2.3	15000	15600
5.8	14800	15000
1.6	14700	14800
5.4	14400	14700
0	13900	14400
0	13800	13900
0	14400	13800
15.2	14600	14400
0.5	15000	14600
3.8	15300	15000
0.3	15400	15300
0	14900	15400
0	15000	14900
8.4	14700	15000
0	14400	14700
0	14000	14400
0.1	14000	14000
0	13500	14000
0	13600	13500
6.6	13400	13600
57.6	13700	13400
1.4	13600	13700
0	13800	13600
0	13800	13800
14.7	14400	13800
10.5	14200	14400
0	14100	14200
13.5	14200	14100
0	13800	14200
3.6	13400	13800
17.1	13300	13400
40.1	12700	13300
0.8	12500	12700
126.3	10800	12500
14.5	11700	10800
19	13500	11700
2.5	13600	13500
0.1	13300	13600
0.8	13400	13300
17.4	13400	13400
0	13600	13400
9.3	13500	13600
0.5	13300	13500
1.9	13200	13300
3.3	13000	13200
0.7	12800	13000
0	12700	12800
2.1	12700	12700
0	12600	12700
0.4	12100	12600
14.1	12200	12100
0.1	12100	12200
28.2	12300	12100
6.1	12100	12300
12.6	12200	12100
4.8	12000	12200
19.7	12700	12000
0	12900	12700
3.4	12700	12900
33.5	11700	12700
21.4	10400	11700
3.2	10100	10400
15	9430	10100
1.5	10100	9430
0	10400	10100
0	11200	10400
0	11200	11200
0	12000	11200
0	11400	12000
0	11400	11400
0	11400	11400
0	11200	11400
0	11400	11200
0	11500	11400
7.8	11200	11500
0	10700	11200
0	9880	10700
0	8950	9880
0	8590	8950
0	8690	8590
0	8600	8690
0	9240	8600
0	8640	9240
0	8610	8640
0	8640	8610
0	9800	8640
0	9360	9800
0	9120	9360
0	8870	9120
0.1	8040	8870
0	7290	8040
0	7100	7290
0	6630	7100
0	7530	6630
0	7420	7530
0.2	7270	7420
0	7200	7270
0	7500	7200
0	7750	7500
0	7670	7750
0	8850	7670
0	8300	8850
0	8070	8300
0.2	7670	8070
0	6220	7670
0	5940	6220
0.1	4980	5940
0	5300	4980
0	3560	5300
0	4856.25	3560
0	4399.583333	4856.25
1.2	4773.75	4399.583333
0	4767.083333	4773.75
0	4873.166667	4767.083333
0	5967.083333	4873.166667
0	6530.416667	5967.083333
0	6265	6530.416667
0	5719.083333	6265
0	5328.75	5719.083333
0	4732.916667	5328.75
0	4614.583333	4732.916667
0	4504.375	4614.583333
0	4132.166667	4504.375
0	4578.083333	4132.166667
0	4401.833333	4578.083333
0	4435	4401.833333
0	4368.333333	4435
0	4337.916667	4368.333333
0	4565.666667	4337.916667
0	4761.708333	4565.666667
0	4960.708333	4761.708333
0	5173.916667	4960.708333
0	5391.666667	5173.916667
0	4440.916667	5391.666667
0	3489.833333	4440.916667
0	3660.75	3489.833333
0	3438.333333	3660.75
0	3271.25	3438.333333
0	3027.083333	3271.25
0	3051.25	3027.083333
0	2930.416667	3051.25
0	3110	2930.416667
0	3032.916667	3110
0	3830.416667	3032.916667
0	4295.416667	3830.416667
0	4088	4295.416667
0	3698.666667	4088
0	4074.666667	3698.666667
0	3468.916667	4074.666667
0	3467.5	3468.916667
0	2507.5	3467.5
0	3188.333333	2507.5
0	3586.666667	3188.333333
0	2808.75	3586.666667
0	3084.166667	2808.75
0	2613.75	3084.166667
0	2924.166667	2613.75
0	2907.916667	2924.166667
0	3140.833333	2907.916667
0	2930.166667	3140.833333
0	3350.416667	2930.166667
0	2608.166667	3350.416667
0	2640.416667	2608.166667
0	3155.333333	2640.416667
0	3040.041667	3155.333333
0	3142.416667	3040.041667
0	3093.583333	3142.416667
0	2055.333333	3093.583333
0	1661.083333	2055.333333
0	2276.25	1661.083333
0	2150.833333	2276.25
0	2349.583333	2150.833333
0	2538.541667	2349.583333
0	2843.333333	2538.541667
0	1757.125	2843.333333
0	2422.625	1757.125
0	3108.166667	2422.625
0	2953.958333	3108.166667
0	3054.375	2953.958333
0	2583.625	3054.375
0	2079.416667	2583.625
0	2727.25	2079.416667
0	2260.25	2727.25
0	2361.583333	2260.25
0	1597.916667	2361.583333
0	1221.916667	1597.916667
0	1735.333333	1221.916667
0	1689.166667	1735.333333
0	1807.916667	1689.166667
0	2597.458333	1807.916667
0	2046.125	2597.458333
0	2113.208333	2046.125
0	2568.833333	2113.208333
0	2378.916667	2568.833333
0	1880.625	2378.916667
0	1553.583333	1880.625
0	953.25	1553.583333
0	1039.375	953.25
0	970.375	1039.375
0	995	970.375
0	1290.833333	995
0	1178	1290.833333
0	1502.083333	1178
0	1513.125	1502.083333
0	2115.416667	1513.125
0	1938.75	2115.416667
0	2263.083333	1938.75
0	1630.166667	2263.083333
0	1336.666667	1630.166667
0	891.6666667	1336.666667
0	1889.791667	891.6666667
0	616.125	1889.791667
0	898.125	616.125
0	1161.25	898.125
0	951.375	1161.25
0	1321.041667	951.375
0	874.1666667	1321.041667
0	358.9166667	874.1666667
0	1057.166667	358.9166667
0	813.0833333	1057.166667
0	2132.5	813.0833333
0	2035.666667	2132.5
0	1800.833333	2035.666667
0	1580.833333	1800.833333
0	1075.333333	1580.833333
0	887.5	1075.333333
0	733.6666667	887.5
0	1094.375	733.6666667
0	852.5833333	1094.375
0	533.75	852.5833333
0	1038.916667	533.75
0	1137.75	1038.916667
0	1555.958333	1137.75
0	1989.416667	1555.958333
0	2440.416667	1989.416667
0	2391.708333	2440.416667
0	1775.416667	2391.708333
0	1641.583333	1775.416667
0	1600.125	1641.583333
0	1451.208333	1600.125
1.8	690.0833333	1451.208333
0	671.3333333	690.0833333
0	1322.916667	671.3333333
0	1298.75	1322.916667
0	866.75	1298.75
0	886.75	866.75
0	1558	886.75
0	1635.833333	1558
0	1982.291667	1635.833333
0	2255.833333	1982.291667
0	2473	2255.833333
0	2336.666667	2473
0	1300.833333	2336.666667
0	651.875	1300.833333
0	955	651.875
1	2404.166667	955
8.1	1773.333333	2404.166667
16	2042	1773.333333
13	2605.416667	2042
6.3	3681.041667	2605.416667
0	4211.375	3681.041667
0	4755	4211.375
0	4573.166667	4755
0.1	4451.5	4573.166667
9.3	4045.833333	4451.5
0.4	4254.583333	4045.833333
0.1	4083.333333	4254.583333
4.1	3552.083333	4083.333333
0	3208.333333	3552.083333
11	3416.25	3208.333333
0	3401.416667	3416.25
53.9	3674.791667	3401.416667
0	3777.5	3674.791667
14.4	3804.333333	3777.5
0	4196.708333	3804.333333
0.3	5017	4196.708333
0	5719.166667	5017
0	5769.583333	5719.166667
0	6337.083333	5769.583333
5.3	6517.916667	6337.083333
0.2	5974.166667	6517.916667
0.5	5395.166667	5974.166667
0	5353.833333	5395.166667
0	4882.333333	5353.833333
19.1	5296.416667	4882.333333
42.8	5257	5296.416667
0	5587.666667	5257
28.2	6044	5587.666667
0	6121	6044
0	6079.916667	6121
4.9	6671.666667	6079.916667
6.8	6862.75	6671.666667
49.9	7028.75	6862.75
0	6566.75	7028.75
0	6928.083333	6566.75
0.2	6981.816667	6928.083333
9.7	7182.75	6981.816667
0.2	7408.833333	7182.75
3.1	8131	7408.833333
2.9	8284.583333	8131
0.2	8068.5	8284.583333
0	8418.333333	8068.5
5.9	8857.916667	8418.333333
0.1	8626.25	8857.916667
3.2	9341.25	8626.25
0	9377.916667	9341.25
0	9105.833333	9377.916667
0	9194.583333	9105.833333
0	9593	9194.583333
0	9947.5	9593
1	9810.583333	9947.5
9.3	9295.208333	9810.583333
0.2	8957.25	9295.208333
3.7	9499.916667	8957.25
24.4	9384.25	9499.916667
0.1	8919.208333	9384.25
0.4	8939.666667	8919.208333
10.9	9181.666667	8939.666667
0.3	9622.416667	9181.666667
0.1	9481.958333	9622.416667
0	9848.583333	9481.958333
0.4	10159.16667	9848.583333
8.4	11480.41667	10159.16667
3.6	11492.08333	11480.41667
5.3	11290.41667	11492.08333
86.2	11210	11290.41667
0	10462.75	11210
0	9917.166667	10462.75
0	10278.75	9917.166667
0	10079.16667	10278.75
0	9343.75	10079.16667
0	9990.833333	9343.75
0.9	9625.166667	9990.833333
0	10732.5	9625.166667
0	11301.5	10732.5
9.5	12007.58333	11301.5
28.3	12779.58333	12007.58333
3	14608.75	12779.58333
0	14520.83333	14608.75
0	14390	14520.83333
0.3	14214.58333	14390
9.8	13600.41667	14214.58333
3.9	13497.25	13600.41667
10.6	14784.16667	13497.25
16.8	14863.75	14784.16667
0.7	15107.08333	14863.75
0.4	15715.83333	15107.08333
1.4	15860.83333	15715.83333
0	16065.83333	15860.83333
6.4	16820.41667	16065.83333
1.6	17012.5	16820.41667
9.2	17333.33333	17012.5
11.2	17583.33333	17333.33333
10	17258.33333	17583.33333
0	16608.33333	17258.33333
4.7	16762.5	16608.33333
21.8	15725	16762.5
69.4	15204.16667	15725
34	14802.08333	15204.16667
4.7	13958.5	14802.08333
0	14053.75	13958.5
0.3	13917.91667	14053.75
1.1	15130.41667	13917.91667
0	15145.41667	15130.41667
0	16029.16667	15145.41667
2.8	15945.83333	16029.16667
0.8	15804.16667	15945.83333
11.2	16429.16667	15804.16667
1.2	15408.33333	16429.16667
0.2	15202.08333	15408.33333
8.1	15284.16667	15202.08333
0	14850.41667	15284.16667
0.8	14781.25	14850.41667
1.1	14677.91667	14781.25
0	14457.08333	14677.91667
0.2	14245.83333	14457.08333
0	14922.08333	14245.83333
0	14659.16667	14922.08333
6.6	15275.83333	14659.16667
0	15925	15275.83333
0.2	15991.66667	15925
0.2	15620.83333	15991.66667
5.4	15991.66667	15620.83333
0	15912.5	15991.66667
0	15710	15912.5
0	15188.75	15710
12.9	14137.5	15188.75
10.1	14217.5	14137.5
3.9	13718.75	14217.5
16.7	14064.58333	13718.75
0	14004.16667	14064.58333
5.2	14721.66667	14004.16667
1.2	15245	14721.66667
3.8	14682.5	15245
0	15479.16667	14682.5
0	15050	15479.16667
0.4	14708.33333	15050
0	14872.91667	14708.33333
4.5	14390	14872.91667
31.3	13937.08333	14390
0	13900.83333	13937.08333
24.5	13277.5	13900.83333
2.55	13322.08333	13277.5
2	13221.25	13322.08333
0.3	12462.08333	13221.25
3.7	13097.91667	12462.08333
0.1	13831.66667	13097.91667
1.35	13060.41667	13831.66667
16.25	13632.5	13060.41667
22.3	13429.16667	13632.5
3.2	13440.83333	13429.16667
1.45	13816.66667	13440.83333
0.55	13971.66667	13816.66667
0	13214.16667	13971.66667
0	12669.16667	13214.16667
0	11196.66667	12669.16667
0	10596.66667	11196.66667
0	9999.166667	10596.66667
0.65	10517.08333	9999.166667
8.65	10847.08333	10517.08333
0	11241.91667	10847.08333
0	11961.25	11241.91667
0.05	12169.58333	11961.25
1.5	12680.83333	12169.58333
11.45	12849.58333	12680.83333
0.3	12696.25	12849.58333
0	13077.5	12696.25
0	12945.41667	13077.5
12.25	12159.58333	12945.41667
0.15	11580.83333	12159.58333
21	11185.83333	11580.83333
2.95	11261.25	11185.83333
4.3	10933.75	11261.25
0	10512.08333	10933.75
31.9	10322.08333	10512.08333
0	10577.91667	10322.08333
0	10528.75	10577.91667
19.4	10795.83333	10528.75
3.4	11284.16667	10795.83333
5.8	10553.75	11284.16667
15	9162.333333	10553.75
1.5	9353.916667	9162.333333
49.5	8989.5	9353.916667
0	7131.166667	8989.5
0	6709	7131.166667
3.5	6662	6709
0	6709.833333	6662
0	6725.5	6709.833333
0	6880.625	6725.5
2.5	6711.25	6880.625
0	6658.333333	6711.25
0.2	6766.666667	6658.333333
7.3	7151.666667	6766.666667
0.6	7887.916667	7151.666667
37.8	8334.833333	7887.916667
10.9	8093.333333	8334.833333
5.1	7928.25	8093.333333
0	7646.833333	7928.25
0	7035.833333	7646.833333
50.6	6320.416667	7035.833333
3.2	5921.5	6320.416667
34.8	5695.083333	5921.5
0	5662.791667	5695.083333
7.3	6087.458333	5662.791667
0	5310.333333	6087.458333
0	5015.333333	5310.333333
12.2	5123.416667	5015.333333
0	5306.666667	5123.416667
0	5228	5306.666667
0	5865.416667	5228
0	5851.416667	5865.416667
0	5694.166667	5851.416667
0	5015.666667	5694.166667
0	4193.666667	5015.666667
0	4360	4193.666667
0	4530	4360
0	4620	4530
0	4080	4620
0	4300	4080
0	4380	4300
0	4050	4380
0	4090	4050
0	4990	4090
0	5310	4990
0	4970	5310
0	4860	4970
0	5210	4860
0	4260	5210
5	3230	4260
4.7	3850	3230
0	3620	3850
5.2	3510	3620
0.2	3170	3510
0	3440	3170
0.5	3290	3440
0	3520	3290
0	3390	3520
0	3330	3390
0	4090	3330
0	4420	4090
0	3600	4420
0	2820	3600
0	2320	2820
0	3460	2320
0	3350	3460
0	3070	3350
0	2210	3070
0	606	2210
0	2670	606
0	2430	2670
0	2400	2430
0	3020	2400
0	2960	3020
0	2380	2960
0	2570	2380
0	2190	2570
0	2470	2190
0	2500	2470
0	2360	2500
0	2760	2360
0	2590	2760
0	2420	2590
0	1700	2420
0	1570	1700
0	1950	1570
0	1470	1950
0	1900	1470
0	1920	1900
0	2260	1920
0	1990	2260
0	2110	1990
0	2540	2110
0	2450	2540
0	2500	2450
0	2050	2500
0	2160	2050
0	1660	2160
0	1640	1660
0	2030	1640
0	1410	2030
0	970	1410
0	1060	970
0	1490	1060
0	959	1490
0	911	959
0	1740	911
0	2120	1740
0	2610	2120
0	2380	2610
0	1500	2380
0	1080	1500
0	1070	1080
0	211	1070
0	838	211
0	946	838
0	1200	946
0	1200	1200
0	1010	1200
0	1320	1010
0	1500	1320
0	2540	1500
0	2420	2540
0	1570	2420
0	1330	1570
0	1220	1330
0	1240	1220
0	1310	1240
0	1370	1310
0	1400	1370
0	1100	1400
0	1320	1100
0	1320	1320
0	509	1320
0	884	509
0	1110	884
0	1980	1110
0	1660	1980
0	1790	1660
0	1430	1790
0	1320	1430
0	1140	1320
0	1270	1140
0	886	1270
0	592	886
0	802	592
0	506	802
0	618	506
0	2130	618
16.2	1730	2130
9.5	2150	1730
0	1340	2150
0	1320	1340
0	1460	1320
0	1280	1460
0	130	1280
0	991	130
0	818	991
0	1770	818
0	1130	1770
0	1480	1130
0	1170	1480
0	628	1170
0	1300	628
0	1530	1300
0	2010	1530
0	3000	2010
0	3100	3000
2.2	2770	3100
0	1850	2770
0	1380	1850
0	1480	1380
0	1340	1480
0	1480	1340
0	1200	1480
0	1700	1200
0	2110	1700
0	2570	2110
0	2680	2570
0	3100	2680
0	3040	3100
13	2530	3040
12.4	2610	2530
0	2440	2610
0	1650	2440
18	1460	1650
0	2520	1460
4.2	1890	2520
22.2	2090	1890
4.8	2380	2090
17.6	2690	2380
0.1	3460	2690
22.2	4260	3460
0	4510	4260
0	4500	4510
36.4	4600	4500
0	3600	4600
0.9	3300	3600
25.2	2730	3300
0	2250	2730
12.7	2290	2250
15.5	1750	2290
3.4	2200	1750
10.6	2880	2200
7.3	3210	2880
12.5	3000	3210
10.5	2720	3000
13.4	3590	2720
3	3780	3590
7	4280	3780
26.3	4090	4280
1.3	3960	4090
13.3	4200	3960
0	4220	4200
0	4070	4220
0	3780	4070
7.3	3650	3780
0	34190	3650
0	4010	34190
0	3880	4010
0	4770	3880
0	5770	4770
0	5450	5770
0	5530	5450
0	5120	5530
29.7	5750	5120
5.1	4450	5750
0.8	4340	4450
0	4080	4340
0	3940	4080
1.3	3820	3940
0.9	3950	3820
0	4290	3950
0	5020	4290
0	5450	5020
1.8	6030	5450
1.1	5920	6030
0.4	6500	5920
0	7640	6500
11.6	6740	7640
0	6260	6740
25.1	6240	6260
0	5580	6240
8.3	5510	5580
0.6	6700	5510
16.4	6830	6700
0.8	7060	6830
25.9	7040	7060
0	7640	7040
4.7	7790	7640
4.4	8180	7790
13.8	8210	8180
44.6	8700	8210
0.8	9480	8700
0.2	9110	9480
0	8020	9110
12.4	7600	8020
0	7560	7600
6.5	7360	7560
0	6410	7360
27.8	6880	6410
6.5	7290	6880
35	7650	7290
111.4	8190	7650
33.4	9100	8190
26.6	9330	9100
0	10000	9330
0	9790	10000
31.2	10500	9790
4.3	10100	10500
1.4	9550	10100
0	8360	9550
0	8730	8360
8.1	9000	8730
9	8380	9000
39.7	7930	8380
59.4	8980	7930
13.3	9260	8980
1	9070	9260
0	9460	9070
0	10900	9460
0	11700	10900
0	11800	11700
1.2	11500	11800
0.6	11300	11500
0.2	10200	11300
0	10600	10200
0.3	10100	10600
3.5	10100	10100
37.9	9960	10100
21.4	10100	9960
28.5	11000	10100
0	11200	11000
0	11700	11200
0	12600	11700
0	13500	12600
0	14400	13500
1.9	14400	14400
0.8	14100	14400
0	14400	14100
55.3	13400	14400
3.1	12800	13400
5	12500	12800
0	11700	12500
0	10400	11700
3.5	10400	10400
7.9	10900	10400
2	11300	10900
0	12400	11300
0	13100	12400
11	13800	13100
5.4	13800	13800
1.2	13600	13800
1.4	12800	13600
16.7	12600	12800
9.4	10800	12600
7.6	11100	10800
1.2	11000	11100
0	11400	11000
0.4	11500	11400
32.4	11900	11500
15.7	11700	11900
6	11900	11700
0.6	12900	11900
9.5	12800	12900
1.1	12600	12800
0.4	12100	12600
26.3	11700	12100
17.8	11800	11700
0.3	11800	11800
2.3	9930	11800
6.8	9280	9930
8.6	8910	9280
0	8350	8910
0.8	8850	8350
2.3	8870	8850
6.9	9160	8870
25.5	9810	9160
27.7	10600	9810
10.1	10800	10600
1.5	11000	10800
0.3	11000	11000
2.1	10800	11000
0	10000	10800
0	9180	10000
11.1	8980	9180
43.5	8210	8980
20.5	8360	8210
6.9	8150	8360
1.3	8350	8150
11.4	8350	8350
47.9	8140	8350
19.3	8280	8140
0	7810	8280
0.5	8980	7810
20.8	8970	8980
3.9	8690	8970
0.3	7960	8690
0.1	7870	7960
8.1	6900	7870
0	5620	6900
20.6	5900	5620
0	5900	5900
0.1	5510	5900
0.2	5520	5510
2.5	4400	5520
1.5	5680	4400
0	6520	5680
0	6400	6520
0	6770	6400
0	7270	6770
0.3	6290	7270
0.3	6180	6290
0.3	5290	6180
4.5	4490	5290
3.4	4160	4490
3.9	4120	4160
16.3	4670	4120
0	4460	4670
0.7	4160	4460
0	4000	4160
0	4120	4000
0	4910	4120
0	4600	4910
0	4860	4600
37.6	4680	4860
60.5	4990	4680
0	4560	4990
8.3	4030	4560
0	3500	4030
4.5	3230	3500
0	2640	3230
0	2550	2640
11.5	3060	2550
0	2920	3060
0	2910	2920
0	3510	2910
0	3990	3510
0	4300	3990
0	4540	4300
0	3760	4540
0	3040	3760
0	2650	3040
0	2810	2650
0.1	2790	2810
0	2220	2790
0	2300	2220
0	2020	2300
0	2360	2020
0	2910	2360
0	1910	2910
0	2060	1910
0	2310	2060
0	2120	2310
0	2700	2120
0	2980	2700
0	1900	2980
0	1290	1900
0	2300	1290
0	1430	2300
0	1480	1430
0.3	478	1480
0.4	1310	478
0	761	1310
0	1580	761
0	1400	1580
0	1660	1400
0	1970	1660
14.5	1680	1970
14.4	1860	1680
0	1510	1860
0	1220	1510
2.3	1970	1220
0	1280	1970
1.3	1300	1280
0	717	1300
0	731	717
0	394	731
0	498	394
0	1020	498
0	1070	1020
0	1040	1070
0	1860	1040
0	1120	1860
0	1180	1120
0	960	1180
0	1580	960
0	696	1580
0	1390	696
0	929	1390
0	1010	929
0	1090	1010
0	995	1090
0	791	995
0	1280	791
0	1570	1280
0	1160	1570
0	864	1160
0	1660	864
0	1320	1660
0	1420	1320
0	1760	1420
0	1580	1760
0	962	1580
0	856	962
0	848	856
0	1200	848
0	660	1200
0	1010	660
0	163	1010
0	273	163
0	1370	273
0	1150	1370
0	327	1150
0	633	327
0	1420	633
0	1810	1420
0	1230	1810
0	561	1230
0	872	561
0	269	872
0	440	269
0	350	440
0	655	350
0	674	655
0	944	674
0	827	944
0	391	827
0	654	391
0	1100	654
0	1680	1100
0	1620	1680
0	572	1620
0	590	572
0	285	590
0	323	285
0	587	323
0	0	587
0	214	0
0	113	214
0	106	113
0	825	106
0	930	825
0	1390	930
0	1790	1390
0	1670	1790
0	1350	1670
0	585	1350
0	772	585
0	343	772
0	483	343
0	547	483
0	729	547
0	0	729
0	0	0
0	877	0
0	1280	877
0	984	1280
0	1170	984
0	1640	1170
0	1920	1640
0	1870	1920
0	1910	1870
0	1090	1910
0	916	1090
0	974	916
0	94.4	974
0	363	94.4
0	902	363
0	444	902
8	1660	444
0.3	2540	1660
0	3310	2540
0	2950	3310
0	2110	2950
0	2050	2110
0	2200	2050
0	2230	2200
0	1490	2230
0	1920	1490
0	827	1920
0	1220	827
0	1380	1220
0	1200	1380
0	1650	1200
0	1710	1650
0	2090	1710
0	1970	2090
0	2330	1970
0	2020	2330
0	2230	2020
8.6	1680	2230
0.4	1700	1680
7.6	1140	1700
3.7	1690	1140
0	2110	1690
0	2130	2110
8.9	2710	2130
0.2	4540	2710
0.1	4470	4540
0	3740	4470
4.2	4330	3740
7.3	4150	4330
4.2	4440	4150
0	3650	4440
0	3560	3650
5.1	4560	3560
54.9	4580	4560
1.3	4350	4580
0	5170	4350
0	4840	5170
0	4590	4840
0	4610	4590
8.3	4770	4610
2.1	5250	4770
19.7	5540	5250
0	5790	5540
0	6120	5790
0	6190	6120
0	5710	6190
0	5310	5710
5.1	5260	5310
0	4390	5260
0.1	4580	4390
4.4	4240	4580
16	3940	4240
3.5	3860	3940
24.7	4620	3860
9.8	4740	4620
7.1	5510	4740
0.9	5470	5510
0.2	5680	5470
2.5	5400	5680
2.1	5430	5400
15.3	5440	5430
11.1	4910	5440
2.9	4510	4910
14.9	4200	4510
16	4820	4200
0.6	5000	4820
0	4030	5000
0.1	5120	4030
0.4	4970	5120
0.1	5140	4970
0	5770	5140
0	6440	5770
0	6940	6440
0	7790	6940
0	7950	7790
0	7580	7950
0	7680	7580
0	8170	7680
0	8400	8170
0.5	8800	8400
16.8	9200	8800
0	9190	9200
0	9350	9190
0	9710	9350
0	9800	9710
3.9	10700	9800
23	11200	10700
37.2	11300	11200
4.1	11600	11300
1.1	11400	11600
4.8	10700	11400
0.3	11000	10700
0.4	10800	11000
31.9	11100	10800
16.2	10300	11100
13.4	10500	10300
0.6	10700	10500
4.7	10600	10700
25.2	10500	10600
16.2	11000	10500
12.5	11800	11000
0.2	13100	11800
0.7	13900	13100
11.9	14700	13900
6.6	13700	14700
10	13200	13700
1.8	12500	13200
0.3	12500	12500
0.5	11400	12500
1.9	10600	11400
23.3	10700	10600
33.4	11900	10700
32	12100	11900
9	13200	12100
0	13500	13200
4.9	14700	13500
5.3	15000	14700
1.9	15100	15000
0.4	14800	15100
14.6	14100	14800
2.1	13800	14100
2.7	13400	13800
0	13400	13400
0	13800	13400
0	12800	13800
0	12000	12800
20.8	13300	12000
0.4	13400	13300
6.7	13300	13400
0.7	14700	13300
28.2	15200	14700
0.5	15600	15200
7	15100	15600
0	15100	15100
0.6	15100	15100
0	15000	15100
0.8	15200	15000
8.5	14100	15200
4.3	13600	14100
1.4	14000	13600
0.2	14000	14000
0.4	15100	14000
0	15100	15100
19	15100	15100
0.1	15700	15100
51	15500	15700
0	14800	15500
0.4	14100	14800
0.3	14700	14100
2.4	14300	14700
0	14300	14300
0	13700	14300
0	12900	13700
7.6	11700	12900
4.1	11500	11700
0.1	11600	11500
2.6	11500	11600
38.3	11900	11500
0.2	12300	11900
42.5	13000	12300
7.8	13100	13000
1.9	12700	13100
10.7	12600	12700
32.1	11600	12600
0	11200	11600
0	10600	11200
6.7	11100	10600
4.1	10100	11100
0.3	9890	10100
8	10300	9890
9.4	10200	10300
0	9820	10200
12.6	10700	9820
2.2	10700	10700
17.3	11100	10700
0.2	11100	11100
47.3	10700	11100
26.3	10400	10700
10.6	9370	10400
0	9480	9370
6.2	8990	9480
14.7	7350	8990
0	6740	7350
13.2	6850	6740
0	6410	6850
0	6750	6410
13	6580	6750
1.5	6710	6580
0	8180	6710
12.6	8030	8180
0	7880	8030
0	7950	7880
0	7920	7950
0	7080	7920
33.6	5630	7080
0	5340	5630
0	5700	5340
0	5360	5700
0	5710	5360
0	5660	5710
18.9	5190	5660
6.2	5640	5190
7.1	5540	5640
0	6390	5540
33.6	6840	6390
0.1	5980	6840
0	5680	5980
0	6320	5680
5.5	6170	6320
8.9	4160	6170
0	3720	4160
0	4140	3720
14.8	3990	4140
0	4060	3990
0	4330	4060
13	4870	4330
1.8	4310	4870
0	4610	4310
0	5020	4610
0	5090	5020
0	5480	5090
0	5170	5480
2.2	4110	5170
0	3540	4110
0	3320	3540
0	3410	3320
0.5	3470	3410
37.4	3820	3470
0	2990	3820
0	3890	2990
2.2	3590	3890
21.9	4180	3590
0	3560	4180
0	3610	3560
0	3680	3610
2.7	3800	3680
5.7	4100	3800
0	3920	4100
0.5	2710	3920
0	2180	2710
0	1990	2180
0	2470	1990
0.2	2390	2470
0	2040	2390
0	2240	2040
0.2	1990	2240
0.5	2830	1990
0	2910	2830
0	3250	2910
0	3140	3250
0	2880	3140
0	2370	2880
0	1990	2370
0	2280	1990
0	2380	2280
0	2720	2380
0	1990	2720
0	1930	1990
0	1670	1930
0	1590	1670
0	1920	1590
0	1360	1920
0	1470	1360
0.5	1830	1470
0	1770	1830
0	1730	1770
0	1620	1730
0	1250	1620
0	1380	1250
0	1890	1380
0	1330	1890
0	1510	1330
0	854	1510
0	720	854
0	734	720
0	649	734
0	1250	649
0	1420	1250
0	1370	1420
0	1130	1370
0	1510	1130
0	1280	1510
0	1140	1280
0	251	1140
0	1180	251
0	1480	1180
0	1100	1480
0	1320	1100
0	1580	1320
0	1070	1580
0	525	1070
0	579	525
0	676	579
0	1460	676
0	0	1460
0	683	0
0	961	683
0	1990	961
0	1100	1990
0	1000	1100
0	330	1000
0	721	330
0	380	721
0	602	380
0	760	602
0	1020	760
0	867	1020
0	1180	867
0	535	1180
0	1110	535
0	1730	1110
0	1870	1730
0	1490	1870
0	1440	1490
0	1030	1440
0	826	1030
0	1260	826
0	1320	1260
0	474	1320
0	621	474
0	863	621
0	1280	863
0	884	1280
0	405	884
0	0	405
0	1110	0
0	2320	1110
0	1980	2320
0	583	1980
0	755	583
0	1030	755
2.6	1180	1030
0	0	1180
0	778	0
0	461	778
0	559	461
0	676	559
0	989	676
0	1320	989
0	1740	1320
0	1730	1740
0	1860	1730
0	1640	1860
0	1200	1640
0	1330	1200
0	1300	1330
2.2	750	1300
0	871	750
0	1040	871
0	860	1040
0	915	860
0	973	915
0	1510	973
0	2670	1510
0	2700	2670
0	1770	2700
0	1690	1770
0	1010	1690
0	1460	1010
0	907	1460
0	985	907
0	1510	985
0	1650	1510
0	959	1650
0	888	959
0	1220	888
0	1120	1220
0	1430	1120
0	1990	1430
0	2030	1990
0	1930	2030
0	1590	1930
0	2130	1590
0	1080	2130
0	1190	1080
0	1170	1190
0	741	1170
0	980	741
0	1060	980
0	1660	1060
0	1790	1660
0	2260	1790
0	2920	2260
0	2630	2920
0	2840	2630
0.5	1750	2840
0	2050	1750
0	2120	2050
0	1170	2120
0.2	1630	1170
0	1620	1630
0	1780	1620
0	1710	1780
0	1390	1710
0	1710	1390
0	2040	1710
0.1	2420	2040
0.8	2440	2420
15.7	2300	2440
0.3	2060	2300
0.1	1690	2060
0.2	2070	1690
2.4	1910	2070
38.4	1610	1910
0	1970	1610
0.9	2420	1970
0.8	2010	2420
0	1770	2010
1.6	3220	1770
0	3760	3220
0	4050	3760
0	4190	4050
0	4310	4190
0	4390	4310
0	5190	4390
0	4600	5190
1.2	5410	4600
17	6390	5410
0.5	6200	6390
3	6470	6200
15.5	6850	6470
45.6	7030	6850
0	7000	7030
1.3	6960	7000
2.8	6810	6960
0	6900	6810
10.5	6800	6900
16.6	7010	6800
11	7260	7010
3	6230	7260
0	5750	6230
0.3	5470	5750
0	4750	5470
0	5090	4750
0	4650	5090
0	4280	4650
0.9	5010	4280
18.4	4650	5010
0	5190	4650
62.2	5930	5190
0	7010	5930
0	8850	7010
0	10400	8850
0	10800	10400
0	10600	10800
0	10600	10600
3.3	10200	10600
0	10400	10200
1.3	9900	10400
7.6	10300	9900
0	10400	10300
3.4	10600	10400
5	10500	10600
2.2	11200	10500
2.1	11800	11200
0.3	12100	11800
21.8	13000	12100
3	13400	13000
0.9	13800	13400
12.2	13500	13800
0	13200	13500
0	12400	13200
10.5	12600	12400
8	11600	12600
0	12300	11600
0.7	12400	12300
0	13900	12400
0	13800	13900
1.2	14900	13800
10.2	15100	14900
4	15600	15100
2.4	15600	15600
8.9	15800	15600
12.2	15400	15800
15.4	15200	15400
0	14700	15200
1.5	14700	14700
49.9	14000	14700
3.3	13700	14000
11.3	13800	13700
37.3	13400	13800
11.9	13700	13400
7.6	14400	13700
0	14900	14400
0.6	15000	14900
6.7	15500	15000
0.5	16300	15500
3	16000	16300
0	15300	16000
4.8	14700	15300
0	14300	14700
0	13800	14300
0	12600	13800
8.8	12800	12600
16.5	13400	12800
3	13700	13400
2.5	14400	13700
0	15300	14400
0	16100	15300
11.9	16100	16100
5.4	15500	16100
0.3	15600	15500
0.1	15000	15600
0	14600	15000
0.1	14700	14600
0	14400	14700
0	14300	14400
0	14200	14300
1.1	13700	14200
15.8	14300	13700
13.6	13500	14300
10.5	14200	13500
3.1	14600	14200
2.8	14800	14600
19.2	15000	14800
0.3	15800	15000
9.1	15300	15800
0	14400	15300
0	14300	14400
4.7	13200	14300
2.1	13300	13200
10.1	13000	13300
0	12000	13000
16.2	11600	12000
50.1	13200	11600
19.4	13500	13200
19.7	13500	13500
0.5	14100	13500
1.6	14400	14100
0	14200	14400
87.5	14000	14200
20.8	13400	14000
2.9	13200	13400
0	13000	13200
4.1	12500	13000
0	12100	12500
0	11300	12100
10.7	10500	11300
2.6	9730	10500
15.8	10100	9730
0.1	11100	10100
0	10900	11100
5.6	11200	10900
0	11900	11200
6.2	11400	11900
0.7	11500	11400
0	11200	11500
52.8	10400	11200
0.2	9620	10400
0	8570	9620
31.8	7820	8570
11	8050	7820
0	8190	8050
0.6	9030	8190
0.4	8110	9030
6.2	8870	8110
29.2	9230	8870
4.8	9160	9230
0	9260	9160
14.7	9230	9260
1.3	9310	9230
10.3	9230	9310
1.1	9270	9230
7.6	9240	9270
3.6	8420	9240
31	7030	8420
40.2	7200	7030
2.8	6990	7200
24.3	7250	6990
0.2	7080	7250
0	6980	7080
0	7090	6980
0	7290	7090
17.3	7380	7290
0	7500	7380
0	7710	7500
0.8	6970	7710
22.8	6430	6970
24.5	5940	6430
87	5410	5940
16.1	5290	5410
4	5420	5290
12.6	5200	5420
0.2	6050	5200
0	6430	6050
0	6730	6430
0	6330	6730
0	4520	6330
0	4890	4520
0	5430	4890
28.6	5040	5430
0.5	4960	5040
6.4	4310	4960
2.1	4920	4310
0.7	4610	4920
0	4080	4610
0	4110	4080
1.1	4090	4110
7.3	3960	4090
0.1	3990	3960
16.3	4060	3990
43.2	4530	4060
5	4440	4530
0	4340	4440
40.4	4630	4340
0	3990	4630
11.7	3740	3990
0	3190	3740
0	3730	3190
0	3670	3730
5.6	3410	3670
12.8	3480	3410
8	3110	3480
1.7	3540	3110
0	3650	3540
0	3300	3650
6.2	3140	3300
32.8	3270	3140
0	2610	3270
2.2	2380	2610
0.4	3000	2380
1.9	2920	3000
0	2450	2920
0	2620	2450
0	2320	2620
8.5	2430	2320
3.1	2100	2430
0	1350	2100
0	1610	1350
0	1810	1610
1.5	2510	1810
32.1	2320	2510
0	2560	2320
0	2750	2560
0	1420	2750
0	2480	1420
0	2310	2480
5.4	2590	2310
3.8	1450	2590
0.1	1770	1450
0	2050	1770
0	2030	2050
0	1900	2030
0	1670	1900
0	1520	1670
0	1450	1520
0	1740	1450
0	1350	1740
0	1320	1350
0	1220	1320
0	795	1220
0	1330	795
0	1600	1330
0	1970	1600
0	1580	1970
0	1320	1580
0	605	1320
0	0	605
0	1040	0
0	813	1040
0	1150	813
0	1230	1150
0	647	1230
0	331	647
0	1170	331
0	1560	1170
0	1910	1560
0	1180	1910
0	1280	1180
0	880	1280
0	1250	880
9.6	796	1250
0	546	796
1.3	1020	546
0	568	1020
0	942	568
0.2	539	942
0	906	539
0	627	906
0	1240	627
0	1350	1240
0	1660	1350
0	961	1660
0	923	961
0	479	923
0	0	479
0	2.5	0
0	121	2.5
0	774	121
0	1170	774
0	773	1170
0	1030	773
0	1080	1030
0	1480	1080
0	1870	1480
0	1620	1870
0	1520	1620
1.6	1320	1520
0	663	1320
0	1210	663
0	781	1210
0	61.3	781
0	234	61.3
0	300	234
0	0	300
0	0	0
0	356	0
0	417	356
0	1830	417
0.1	1950	1830
97.1	1640	1950
0	1260	1640
0	863	1260
0	835	863
0	434	835
0	182	434
0	7.08	182
0	955	7.08
0	630	955
0	574	630
0	862	574
0	1480	862
0	1750	1480
0	2590	1750
0	1800	2590
0	1610	1800
0	1290	1610
14.2	993	1290
0	448	993
0	886	448
2.8	1560	886
0	761	1560
0	595	761
0	809	595
0	1200	809
4.8	1580	1200
0.1	2160	1580
0.2	3120	2160
0	3490	3120
0	2250	3490
0	888	2250
0	1440	888
0	1270	1440
0.3	963	1270
0	1610	963
0	1400	1610
0	1180	1400
0	1820	1180
0	2070	1820
0	2750	2070
0	2670	2750
0	3040	2670
23.8	2860	3040
0	3350	2860
26.9	2730	3350
43	2410	2730
0	2380	2410
15.8	2190	2380
0	2250	2190
0.1	1750	2250
0	1830	1750
0	1720	1830
0	2040	1720
1.5	2020	2040
0	2070	2020
0	2600	2070
0	3090	2600
5.8	2820	3090
4.1	2630	2820
3	1890	2630
2.6	2180	1890
1.1	2030	2180
0	1800	2030
36.2	2280	1800
10.4	2260	2280
15.8	2060	2260
6.5	2780	2060
0	3000	2780
16.8	3800	3000
0.9	3970	3800
0.8	4060	3970
37.5	4150	4060
0	4760	4150
36.8	5820	4760
0	6330	5820
0	6600	6330
5.4	6570	6600
0.4	6550	6570
17.3	5890	6550
0	5830	5890
1.9	5540	5830
5	5290	5540
5	6440	5290
0.9	6190	6440
13.2	7160	6190
0	6980	7160
0	7320	6980
0	7790	7320
0	7430	7790
0	6820	7430
3.7	6470	6820
0.4	6690	6470
13	7300	6690
0.3	7810	7300
0.3	8170	7810
6.4	8980	8170
0.7	8730	8980
15	9680	8730
0.7	9360	9680
2.4	10300	9360
7.5	10400	10300
0	11000	10400
0.1	11000	11000
0	11300	11000
2.9	10400	11300
15.8	10000	10400
14.6	10400	10000
1.5	10500	10400
8.7	9120	10500
3.5	9370	9120
22.4	9860	9370
0	9850	9860
4.4	10400	9850
9.7	11700	10400
1.8	12400	11700
0.1	12800	12400
0	13500	12800
3.4	13000	13500
29.6	12700	13000
12	13000	12700
1.8	12400	13000
1.3	12400	12400
9.9	12400	12400
0	12100	12400
18.3	12500	12100
12.2	12500	12500
0	12400	12500
0	13300	12400
1	14000	13300
0.5	15000	14000
3.6	15400	15000
2.8	15700	15400
0	15600	15700
0	14800	15600
0	14500	14800
9.2	14500	14500
0	12400	14500
21	12600	12400
0.2	13000	12600
2.2	12400	13000
0	12100	12400
1.9	13100	12100
0.3	14000	13100
16.5	14700	14000
4.5	15300	14700
2.8	14900	15300
20	15200	14900
1.1	14700	15200
230.4	13800	14700
0	13900	13800
0	13300	13900
15.5	12200	13300
5.8	11700	12200
6.6	12100	11700
10.3	12900	12100
0	13600	12900
0	13800	13600
3.4	14100	13800
0	13900	14100
0	14900	13900
0	14800	14900
0.5	14600	14800
0	14100	14600
1	13600	14100
0.3	12900	13600
13.5	12000	12900
5.4	11000	12000
13.7	11400	11000
39.6	11700	11400
0.5	12800	11700
0.1	14300	12800
0	15500	14300
0	15800	15500
0	16100	15800
4.4	16300	16100
0	15700	16300
0	15700	15700
40.3	15400	15700
3.5	14100	15400
0	14100	14100
17.7	13800	14100
21.2	13600	13800
0	13400	13600
29.1	13600	13400
0	13400	13600
1.3	14100	13400
0	14600	14100
1.9	14300	14600
0.2	14900	14300
0.1	15400	14900
2.7	14500	15400
16.8	14600	14500
0	12300	14600
19.9	11000	12300
57.1	10200	11000
35.3	9980	10200
9.7	10100	9980
24.4	10000	10100
0	10400	10000
0	11600	10400
13.3	12200	11600
27.9	12600	12200
1.6	12300	12600
35.2	12800	12300
16	12800	12800
11	12100	12800
3.1	12000	12100
0	11100	12000
39.4	10500	11100
10.3	10100	10500
6.1	9100	10100
0.9	9290	9100
0	8920	9290
4	8900	8920
14.8	8420	8900
12.7	8350	8420
8	9560	8350
0.7	9330	9560
0	9530	9330
0	9700	9530
0	8480	9700
10.1	7670	8480
0	6070	7670
0	5930	6070
0	6170	5930
16.8	5850	6170
33.8	5090	5850
30.2	5550	5090
0	5470	5550
0	5790	5470
0	6100	5790
0	6560	6100
0	6500	6560
8.5	6620	6500
2.4	6200	6620
0	5730	6200
7.4	5230	5730
0	3970	5230
0	4520	3970
0	4560	4520
0	4250	4560
21.6	4010	4250
0	3940	4010
0	4850	3940
21.5	4400	4850
0	4800	4400
0	4180	4800
0	4500	4180
0	5010	4500
0	4890	5010
0	4640	4890
0	3690	4640
0	3540	3690
0	3200	3540
0	3460	3200
0	3290	3460
0	3500	3290
0	3580	3500
0	3600	3580
0	3570	3600
0	4100	3570
0	4270	4100
0	4080	4270
0	4020	4080
0	4100	4020
22.4	3270	4100
0	2830	3270
0	3230	2830
0	2600	3230
0	2470	2600
38.5	3170	2470
11.2	2230	3170
0	2300	2230
0	2160	2300
0	2190	2160
0	2610	2190
0	2200	2610
0	2640	2200
0	3080	2640
0	1630	3080
0	1680	1630
0	2830	1680
0	2640	2830
0	2020	2640
0	2130	2020
0	1890	2130
0	1530	1890
0	1180	1530
0	2040	1180
0	2480	2040
0	1750	2480
0	2260	1750
0	2140	2260
0.7	1430	2140
8.7	1190	1430
0	2080	1190
0	2080	2080
2.4	1880	2080
0.2	1400	1880
0.1	1660	1400
0	1630	1660
0	1270	1630
0	1560	1270
0	1240	1560
0	1250	1240
0	1780	1250
0	1750	1780
0	1790	1750
6.4	1010	1790
0	1130	1010
0	1790	1130
0	1920	1790
0	1500	1920
0	1210	1500
0	944	1210
0	878	944
0	919	878
0	1280	919
0	890	1280
0	854	890
0	218	854
0	242	218
0	418	242
0	693	418
0	1250	693
0	1990	1250
0	1800	1990
0	1330	1800
0	736	1330
0	813	736
0	556	813
0	267	556
0	548	267
0	733	548
0	869	733
0	1480	869
0	703	1480
0	1580	703
0	2120	1580
0	1940	2120
0	1400	1940
0	1080	1400
0	1150	1080
0	1200	1150
0	1070	1200
0	557	1070
0	256	557
0	573	256
0	257	573
0	364	257
0	17.33333333	364
0	359	17.33333333
0	524	359
0	916	524
0	1740	916
0	1480	1740
0	1280	1480
0	834	1280
4	303	834
0	497	303
0	0	497
0	433	0
0	17.16666667	433
0	600	17.16666667
0	1040	600
0	1400	1040
0	1740	1400
0	1770	1740
0	1730	1770
0	1210	1730
0	1540	1210
1.1	1500	1540
0	1002	1500
1.6	1070	1002
62.3	652	1070
8.2	1490	652
1.3	1790	1490
1.2	1310	1790
0	1610	1310
0	1050	1610
0	987	1050
0	2420	987
0	2500	2420
0	3060	2500
0	2230	3060
0	2580	2230
0	1890	2580
0	1950	1890
0	2020	1950
0	2160	2020
0	1850	2160
0	2080	1850
0	2610	2080
0	2910	2610
0	3280	2910
0	3110	3280
0	3290	3110
0	2530	3290
0	2070	2530
1.5	1570	2070
3.6	1400	1570
0	1340	1400
0	1180	1340
2	1300	1180
0	1770	1300
0	2050	1770
0	2400	2050
0	2460	2400
0	2900	2460
1.1	3010	2900
9	3040	3010
1.3	3060	3040
38.7	3270	3060
0	3400	3270
0	1650	3400
0	1340	1650
1	1240	1340
0	1390	1240
0	1750	1390
3.6	1580	1750
0.5	2020	1580
6.5	1820	2020
0	2340	1820
0	2570	2340
108.1	2780	2570
18.3	3670	2780
44.1	3590	3670
0	3630	3590
19.7	3520	3630
0.6	3180	3520
0	3390	3180
0	3010	3390
0	2160	3010
0	2680	2160
0	2750	2680
0	2370	2750
0	2810	2370
0	3630	2810
0	5280	3630
3.7	6150	5280
0.5	7510	6150
4.4	7910	7510
0.3	7830	7910
0.8	7200	7830
0	7400	7200
6.6	6050	7400
3.1	5490	6050
9.3	5190	5490
0.5	5050	5190
0	5950	5050
14.4	5250	5950
0	5290	5250
0	5410	5290
0	5740	5410
8.6	5470	5740
1	5740	5470
0	5840	5740
11.9	5910	5840
20	5210	5910
35	5040	5210
10.6	4650	5040
0.4	4190	4650
0.6	4050	4190
4	5320	4050
13.6	4770	5320
16.3	5130	4770
0.2	4870	5130
0.1	5660	4870
13.7	5940	5660
0	7430	5940
0.9	8060	7430
0.1	9210	8060
4.2	9340	9210
0	9720	9340
1.1	9170	9720
0.6	9200	9170
0	9320	9200
11.1	9090	9320
12.5	9050	9090
1.2	10100	9050
13.7	10200	10100
1.6	10700	10200
4.2	11300	10700
0.4	11500	11300
0.4	12200	11500
1.6	12900	12200
0.6	12800	12900
0	12100	12800
0.4	11500	12100
10.1	11600	11500
0.5	10400	11600
1.8	9660	10400
0	9610	9660
0	9150	9610
0	9610	9150
1	10200	9610
0	10600	10200
0	10500	10600
0	11500	10500
0	12700	11500
0	12100	12700
0.6	12100	12100
23.6	11000	12100
10	11000	11000
0.6	10200	11000
4.1	9710	10200
0	9880	9710
2	10300	9880
0	10100	10300
17.9	10500	10100
18	11500	10500
29.5	12100	11500
63.9	13400	12100
1.5	13900	13400
0	14000	13900
0	13900	14000
0	13000	13900
0	12600	13000
0	11600	12600
0	11200	11600
14	10900	11200
2.7	10900	10900
0	11300	10900
0	11400	11300
25.2	11100	11400
5.1	12300	11100
0	13600	12300
0	13700	13600
0.1	14200	13700
2.2	13300	14200
1.8	12900	13300
1.7	13200	12900
11.3	12100	13200
12	12000	12100
0	11900	12000
1.2	12500	11900
17.4	12300	12500
31.8	12800	12300
1.9	12600	12800
0	13900	12600
0	13600	13900
0	14500	13600
7.2	15200	14500
0	15400	15200
0	15100	15400
0.6	14300	15100
2.2	13700	14300
12.3	13700	13700
1.3	13400	13700
11	13800	13400
0.4	12000	13800
3.2	11300	12000
13.2	11900	11300
14.1	11500	11900
24.5	13100	11500
8.9	13500	13100
0	13400	13500
0	13300	13400
0	14000	13300
27.5	13300	14000
0.9	12100	13300
4.5	12100	12100
0.6	11100	12100
0	10700	11100
0	11300	10700
0.6	10300	11300
39	10000	10300
12.5	10300	10000
15.3	10900	10300
0	10200	10900
0	11000	10200
3.8	11400	11000
0	11500	11400
0	11700	11500
32.2	11100	11700
4.3	10600	11100
40.7	10500	10600
36.3	11300	10500
0.8	10700	11300
21.7	9820	10700
0	8930	9820
29.8	8240	8930
17.4	8620	8240
24.8	9020	8620
0.8	8910	9020
11.2	9410	8910
2.2	10300	9410
30.6	10100	10300
0	9990	10100
1.9	9570	9990
17.2	8430	9570
4	8620	8430
0.2	7510	8620
0	7060	7510
0	6880	7060
0	7520	6880
0	6800	7520
0.5	6580	6800
11.3	6630	6580
0	6240	6630
19	6540	6240
0	6940	6540
0	7000	6940
0	6530	7000
0	6410	6530
0	5980	6410
0	5320	5980
9.3	5080	5320
0.1	4690	5080
0	4660	4690
20.5	4300	4660
0	4660	4300
0	4890	4660
6.7	4740	4890
0	4460	4740
0	4730	4460
0	5230	4730
0	5270	5230
0	4730	5270
0	4180	4730
0	3860	4180
0	3660	3860
0	3920	3660
0	3520	3920
0	4430	3520
0	3790	4430
0	4200	3790
0	4020	4200
0	3790	4020
0	3870	3790
0	3250	3870
1.3	3950	3250
0	3410	3950
0	3340	3410
0	2680	3340
0	3280	2680
0	3090	3280
0	2900	3090
0	2750	2900
0	3810	2750
0	3340	3810
0	3960	3340
0	2910	3960
0.4	3120	2910
0	3200	3120
0	2710	3200
0	3160	2710
0	2220	3160
0	1760	2220
0	2330	1760
0	2030	2330
0	2310	2030
0	3040	2310
0	2480	3040
0	1990	2480
0	2360	1990
0.3	2050	2360
0	2570	2050
0	2290	2570
0	2130	2290
0	1790	2130
0	1900	1790
0	1370	1900
0	1770	1370
0	2380	1770
0	2940	2380
0	3150	2940
0	2380	3150
0	2440	2380
0	2280	2440
0	2550	2280
0	2190	2550
0	2280	2190
16.7	2440	2280
0.3	1650	2440
0	1620	1650
0	1380	1620
0.4	1120	1380
0	980	1120
0	1690	980
0	2200	1690
0.4	1830	2200
0	1840	1830
0	1560	1840
0	1830	1560
0	920	1830
0	1090	920
0	1220	1090
0	550	1220
0	1160	550
0	1350	1160
0	1150	1350
0	970	1150
0	1500	970
0	2370	1500
0	2590	2370
0	1870	2590
0	1810	1870
0	1610	1810
0	975	1610
0	1240	975
0	1070	1240
0	730	1070
0	1360	730
0	1290	1360
0	1020	1290
0	940	1020
0	1030	940
0	1660	1030
0	1860	1660
7.5	2120	1860
0	1460	2120
0	1120	1460
0.3	777	1120
0	955	777
0.2	1280	955
0	810	1280
0	1190	810
0	1390	1190
0	1280	1390
0	960	1280
0	1850	960
0	1870	1850
0	2520	1870
0	2570	2520
0	1770	2570
0	1410	1770
0	1380	1410
0	1220	1380
0	904	1220
0	828	904
0	1040	828
0	0	1040
0	878	0
0	1430	878
0	800	1430
0	964	800
0	2320	964
0	3120	2320
0	2750	3120
0	2080	2750
0	1830	2080
0	1960	1830
0	1500	1960
0	876	1500
0	841	876
0	1670	841
0	1660	1670
0	1770	1660
0.3	2670	1770
0	3650	2670
0	3400	3650
0	3630	3400
0.5	2820	3630
0	2740	2820
0	2950	2740
0	2670	2950
0	2890	2670
0	2750	2890
0	2430	2750
0	2450	2430